0.06981199862497
0.06981199862497
0.0734292136964846
0.125869947480026
0.0568264916823127
0.0951423182653521
0.0439659785147233
0.0497342568300708
0.0380425061299472
0.0750999217012114
0.0638684583617021
0.0821808863945261
0.0865412961018394
0.0791121280557173
0.158501147510973
0.110890922118335
0.0927317625910337
0.0593092840999916
0.0552332765371181
0.066863797360673
0.111016342704841
0.14170047732564
0.15035928513936
0.0764128331657
0.136539927175791
0.0423803548427132
0.0658992676332299
0.0526200188092877
0.0615003489011852
0.0107121761355142
0.0161749475145241
0.0947237085010774
0.0365915278535523
0.107659648266896
0.146470976853328
-0.00759362984659058
0.0343972587351544
0.0653142077954381
0.0953295098885172
0.0528719980630671
0.0867106286641833
0.0904371326713734
0.105011199279235
0.10760028260209
0.077986022875369
0.05662812593615
0.0568793187435754
0.0625232491630265
0.0950749788310402
0.130674329490014
0.0807692069856856
0.0826591411288059
0.0802643026489894
0.0579909653837989
0.133150165551986
0.0669607762723379
0.127054824903644
0.038219212034217
0.0841277177727699
0.0682686193761653
0.0515935197554764
0.0459118268283493
0.0879310445090612
0.0926810947794666
0.0685399556371039
0.060765720201117
0.053592339439812
0.0857608398945157
0.0652076287570756
0.0883614874288377
0.1574441103525
0.125526399693187
0.038723537730217
0.0755661563889857
0.0744640383983447
0.0392743450277448
0.0922051779472328
0.0431822416865773
0.0407940310818729
0.0422431705521896
0.0834257332530258
0.036689172080859
0.0867794531801766
0.0754758315218754
0.0150652734658652
0.122591178980377
0.0598375804267271
0.0760331888997516
0.092911230558743
0.0744321531666869
0.0511735503531766
0.0867635161488333
0.112228190272528
0.0788280759771395
0.126959000851076
0.0823988397118051
0.102586250807427
0.0873217804909857
0.117695285231617
0.0373317581193617
0.0198194830879821
0.106089701324074
0.093198844936659
0.113438806359956
0.10635908444758
0.106824894661153
0.024532645847004
0.0820651875984726
0.0689367056847992
0.0854799089835926
0.0753472296393605
0.0834367139161776
0.094612415127286
0.135567011736319
0.110682376246387
0.0564728173871372
0.052226068973128
0.0963360473321502
0.0140733407077523
0.0624553810229008
0.117245773323492
0.113923617844925
0.0871371768475637
0.0674877952936622
0.118477913477348
0.0607254821693645
0.0386712797539499
0.11255380007919
0.139653684062633
0.0848583787849108
0.0641825768989175
0.0978779276297325
0.125917440114637
0.11452921502206
0.0219191586789957
0.1272834828528
0.128126445653727
0.111940473301852
0.0965402114778426
0.0966590448832639
0.0755115989873203
0.0891780234000868
0.0990897460880648
0.0929560135316553
0.0331948599443705
0.10647376581622
0.0710615808903109
0.106024036342674
0.071577101234344
0.133793238960266
0.0447609983657566
0.11031129268075
0.072066001846198
0.11575728532598
0.0509668218238609
0.127499675037264
0.0763873198486331
0.12579918409665
0.120004287696474
0.105183148964229
0.0699478750077091
0.0559861405261369
0.0538821259218246
0.0912156155729862
0.117848250924087
0.0874791148623512
0.126739312795937
0.0741352036487186
0.111174758507902
0.0339250503212334
0.092542565527538
0.0630939000459156
0.0590300000534344
0.135965052969886
0.0486653156764957
0.0771950518764102
0.0708630017147251
0.0970598799122478
0.062951971479069
0.0724389299978248
0.0106757234492444
0.0916787137244253
0.0956497460888449
0.0849511862724847
0.113648405807073
0.0712799377464897
0.0580127064373474
0.0381440608108305
0.00866333339062764
0.0408302871025162
0.0667766592546284
0.0689336470891107
0.0859563078291993
0.0423076852577967
0.108377797594015
0.0735915469748884
0.102273902148856
0.0484838036705509
0.0841264374499155
0.0583865582900653
0.0476891314338106
0.060820239958187
0.0890222643899673
0.0676786569232251
0.0762867585820535
0.0675803850955495
0.0555721748857995
0.107525896794467
0.102171240275507
0.0766240657763958
0.163153363223612
0.116894768541098
0.0882372536916516
0.0650341979096177
0.111411805495323
0.090777160906792
0.0394205305211977
0.098629726127468
0.0468868737614287
0.0250362579769809
0.0788470899326556
0.0603449057847838
0.0725540413719294
0.0542529445134786
0.0220217277568384
0.0564997631713951
0.0920808204081195
0.0977522300746924
0.0164358400712154
0.077895575534024
0.0479237591728388
0.0996676043748713
0.107902155528892
0.0499859787475198
0.0684204508810256
0.0600839620216859
0.0132142146139868
0.0705341339359704
0.0797607047639378
0.0638801963754034
0.0767563111313792
0.0771445383989162
0.0758722372717194
0.0133605911225409
0.0536039322422047
0.0897306080459498
0.0993600356765565
0.0612105247817575
0.10690343659868
0.0568866473503946
0.0833474311200607
0.0725256512734437
0.0134884360050114
0.124304209055136
0.130887972047786
0.0738148936341265
0.0484103311496758
0.118780800240872
0.105390389467868
0.131802603905736
0.0674770656739034
0.0541711361736274
0.0971699397045777
0.0272137016800409
0.0560803405510674
0.0976611971706604
0.0715039425842885
0.0686462802443625
0.0840675676222474
0.0445194375340861
0.0468660576059449
0.0651324913012436
0.0779494413533057
0.124503724429921
0.0783119026354148
0.0569841965238728
0.0527880486505552
0.0944170644322237
0.0155837387305303
0.0474136935165235
0.0811605826691261
0.0664381821449027
0.067836433950576
0.0848499377719084
0.0759624758470285
0.0609544525435468
0.0760671907696469
0.0741295327710231
0.136756197885894
0.0927827114657179
0.0589370125511688
0.109238496083516
0.0652528610703402
0.059413976209525
0.11406151120295
0.0788249689885841
0.0601093269497909
0.0781231056628462
0.0697793795083894
0.0348335884121309
0.0845851159991524
0.0776690102497963
0.0535245030177987
0.0410622066315208
0.0528774365371471
0.0929279636978581
0.0554409084182907
0.0534777450668754
0.0736393475563805
0.0262153713064439
0.07856032149152
0.0532737909109923
0.0695654256732009
0.0759292195463214
0.105270403335441
0.0448774848963338
0.0910197011477293
0.0735179673023802
0.0616360540141912
0.0667425882572568
0.070478536019067
0.0613328523253963
0.0202486570668053
0.0693400443116619
0.0660465180727329
0.0119209254252581
0.0593999612964986
0.0693812721595155
0.0833383655589024
0.0795026743072667
0.056976674877155
0.0478619383551187
0.0987898723885854
0.0728008168882721
0.0567607672363006
0.0888968875313964
0.0725879886913623
0.0793983267745655
0.0688078332780375
0.090909783180754
0.0777010843829537
0.0658329941986712
0.079789486236157
0.0679940231317047
0.0941277352590501
0.0446753950119165
0.122936446951205
0.0589136622979329
0.0893540414437133
0.0247476993915884
0.00720767110754701
0.0664291840815686
0.0235671641479857
0.0692130972236965
0.100713519141065
0.0924630824114494
0.0613361812853234
0.0723745700705951
0.0804654919615026
0.0798684276556802
0.11847415442044
0.0664951193495363
0.0470029078676835
0.0862322304590588
0.0723475750278663
0.046234654270751
0.0495730387940886
0.0468187843147812
0.0784569744724993
0.0529595718243177
0.114041169945127
0.00790440996742363
0.086266677533437
0.114544572268963
0.0115377150484235
0.123855397660957
0.0682548347412946
0.067586719988279
0.0413284067306461
0.0559279897891539
0.0346851091408907
0.0125078927384791
0.0579429393441516
0.155271760373276
-0.0318163577084817
0.0949973515124803
0.0962423270668571
0.0778780507862613
0.0526118449222714
0.0925554734046702
0.0149545033311068
0.0748431971647283
0.0325368531306843
-0.0105803254296911
0.0721304924278008
0.102120027766769
0.0786455645389144
0.0861041379590784
0.0530445822246267
0.0119291801389561
0.0636226475619782
0.0206643617135778
0.0205350103312
0.17144494900399
0.0683897185072643
0.0435072453103703
0.0986291527505196
0.0327823289963957
0.10613054657676
0.107264078985927
0.106769250582781
0.0495970419290567
0.0533256283052522
0.194250194338845
0.0531341592002561
0.0168115678407378
0.0489474547556823
0.0515128446978112
0.0468502609759368
0.133153888173714
-0.0089012064932398
0.0898596934510151
0.0490001629826247
0.0322727263762396
0.0179332846879312
0.0891670944563485
0.0691781345319944
0.114582443199355
0.108642744434657
-0.0135167788794776
0.0774008314905072
0.0163497443476935
0.0968642963256752
0.0241981789199962
0.0765997131609565
0.166695076048337
-0.0228853293208169
0.0538751479215918
0.0891573296307548
0.0459896361255435
0.00136820017787651
0.00542216651168157
0.0755085786365325
0.115964671151339
0.0608980226128361
0.0431113409814789
0.375312293295408
-0.08629835209206
0.148647099962141
0.0232528481157129
0.075143181641041
0.0941426181344059
0.186191789006423
0.00606439158720638
0.19725660938137
0.0986882811753646
0.162199230929049
0.150095439743951
0.0436809498677487
0.0146331225130689
0.18198808134284
-0.0967257227125931
0.120526355961613
-0.0643762647897636
0.12262620385255
0.0459995485288542
0.113214814795635
0.114979812659725
0.0133681414896182
0.0988627311867065
0.0450914683451582
0.0836241580500344
0.221072015317244
0.186510842257217
-0.00406084457701692
0.0364997466828087
0.0746056455791781
0.203643428556256
0.0580363808663771
-0.132339956523813
0.203537774827394
-0.13015368576153
0.0474159275607625
0.210579912488994
-0.0522307677357228
0.154727501035046
0.100643249497803
0.0800758619865019
-0.0334723622305931
0.182997724998815
0.0405721576785853
-0.225631733438672
-0.0426831891497706
-0.171058726524828
0.352536626320247
-0.0916326030657481
-0.0312769166839282
-0.027204418189665
0.235346878437538
0.127977532694791
-0.112944244277791
-0.0539015697984271
0.0476079099983757
0.000863245826568243
0.13539227383803
0.110603235922125
0.100995189535311
0.105859741226518
0.0581992510132337
-0.0663753081218846
0.240998057271316
-0.0680999534929471
0.057342095284183
-0.0198993129116289
-0.0238201136897141
0.0975635469810709
0.124180736566321
0.0167999476812286
0.16568881522867
0.0522623772061756
0.125200883572649
0.20991119840606
0.117311899367038
0.0759413022317538
-0.0498522209039662
0.0970495037749941
-0.154840656213327
-0.0200365574100383
0.0403127083676038
-0.0742768451305759
-0.100800913554628
0.216435215557303
0.0568927088145385
0.119194394118709
-0.131621345371665
0.109420807339704
0.0431591235715056
-0.156878914108485
-0.0702053240374721
0.275449452912035
0.0191993801488571
-0.011047243923215
0.0268785430567649
-0.0446507306285949
-0.14393402024061
0.0259130033114765
0.102120444297011
0.00679554985059057
0.111448491350647
-0.00975930354383198
-0.0476919646945583
0.0785283810813488
0.0535506329025607
0.0401292927997109
-0.043212024727344
-0.0143237107156701
0.0712404688977643
0.0568062779395045
-0.0369276247805633
0.0161546567027133
0.154729257534721
0.0197241213894186
0.0527987502362409
-0.0368979779831044
0.0586320546491166
0.0790523876808705
0.0557668604636741
0.0594428205001425
0.165521406439782
-0.0536479527154527
-0.0499255679911892
0.0998908243809682
0.0452377494996487
0.138342703410826
0.0734621635274501
0.0348241239835671
-0.101583224807898
0.0519891413650543
-0.0146432756718436
0.145393299574348
0.144197947538449
-0.020822281562391
0.104844869853802
-0.07414133287733
-0.0288489848173241
0.0838062923276204
0.0924543757171978
0.0712118657240782
0.020248105690401
0.0491311433894372
0.0161269601560224
0.095138568652252
0.0426006457555727
-0.028566683277632
0.08839535333397
0.0787789897220326
0.0504316698453725
0.120753768835738
-0.0202537309049135
0.195029814576549
0.0464282193364428
0.0446735768521574
0.342910986247427
0.0605201951544969
0.0956228302778672
-0.0373507998050672
0.0495069552242891
0.083655101921404
-0.0125450572036743
0.161733207099834
0.0815553483581011
0.0464725429760067
0.097621911577682
0.029838248175028
0.130325989071861
0.0980060164506233
0.0659288426967938
0.098999689434554
-0.00354684426515695
-0.0182755622982372
0.0614772302764987
0.145645101144113
0.186625285060265
-0.00328984176304444
0.0856757727872813
0.0777360977487027
0.101131327299828
-0.0457249200605665
0.190699045617136
0.0211946542093069
0.12868082803372
0.0149488891148294
0.0916957135861347
-0.0261784242975634
0.199156388578608
0.00617085567282205
0.0996272164177324
0.240161775472316
-0.0648865905536333
0.104545331916121
-0.32146817786251
-0.169733128783059
-0.2394956997108
0.323865472326174
-0.0222231881035808
0.00512233204104957
0.0952849457909633
0.0429937482543738
0.0501094398051714
0.174973462265324
-0.0907368175272634
0.139610875307746
0.0901580852077145
-0.00394738524817546
-0.147916672847941
0.0601949393433117
0.206736180224956
-0.109094063782063
0.105746826731608
0.145247188614985
0.00797115618794842
-0.0191840298213611
0.13944694805579
-0.0206721374829854
0.052362215198081
0.0684953357768717
-0.0211705612161568
-0.0137593475761123
-0.126386028933378
0.0963496358690102
-0.0759423506306431
0.0291833122324721
0.230178861683345
0.075968684995037
0.0441754542712474
0.0606175813190534
-0.0239612215763211
0.144084104202108
0.0671848859981964
0.0676067260534765
0.0274119249312415
0.101358068750344
0.0896878662566536
0.102793837426213
-0.172466074973352
0.0332874398234536
0.0028884275559137
0.0768220292223219
-0.0886462611690163
0.162333423041319
0.128751855037295
0.113456005511848
0.0750072109364177
0.01536622015982
0.144429098530883
0.137591801659075
0.124898897293054
-0.039426425540375
0.132584872599291
0.0365811233223671
0.0611947947082178
0.0560101782313325
-0.071841279546311
-0.0469800731474438
0.0306136276039286
0.0447003783344271
0.153116747509584
0.0496319841494972
0.0283483997481396
0.208122149016579
-0.0564218828546192
0.143433829266343
0.254355812855894
0.055300185884309
0.0748933924859662
0.0796694496637739
0.151725821398465
-0.0275260121377923
-0.0589335884674058
0.22239292757691
0.0975252746208885
0.0617930777770836
0.0380136551664675
-0.0996926742258147
-0.0913905346606613
-0.0165195166742821
0.0393909723902424
0.160393977319474
-0.0619178810821299
0.163014955164196
-0.00399016258652774
0.0400145232733955
0.0678690269936526
0.119289284878524
0.24423150807337
0.11212942390579
0.0501986311290335
0.231125952093226
0.148296892739419
0.0333920728065172
-0.0426604072674212
0.246595640807146
0.0378849390932524
0.153839201218061
0.275892919533421
-0.35672237085496
-0.262770251492628
0.251297734464941
-0.117197330070541
-0.0578705138500703
-0.0623303270370653
-0.00327332815855369
0.253230445257987
0.233048091026194
-0.235050658573792
0.0764256378212347
0.140225119046978
0.155831098544558
0.263725543280574
0.104228587138935
0.207884376187833
-0.393587153019608
0.0396574514558029
0.0906613706190451
-0.164122729415576
-0.00886332182645647
0.175955045753591
-0.193843822692912
-0.043902064647236
-0.00169149626735833
-0.100356010050397
0.0709687839371768
-0.0690138598665759
-0.0319272476180042
0.010787592019086
0.04866950044683
-0.103157752307418
-0.157885555173146
0.180035300597046
-0.140555091936495
0.0843492529062814
-0.0251062224293838
0.171388800973464
0.125426375873485
-0.174440791813241
-0.124230657997301
0.110552377791766
-0.00474217473222027
-0.101480858974437
0.192984484298367
0.0704374137780333
0.0390714043921258
0.0459197668272763
0.145731766717244
0.0357888768429595
0.0368453530677519
0.188934492878608
0.142713500485725
0.0198917940126411
-0.137628361498265
0.0843635197827154
-0.187117925118663
-0.0165807784183081
-0.114344978563966
0.0751962016095779
0.0627812821030854
0.135042571469393
0.0901050118699808
-0.072341066928631
-0.0877934406331963
-0.00265299846330107
-0.00239268848794095
0.128293958355922
-0.0726550182207856
-0.059291139294403
-0.0120466970855289
0.0492248742535759
0.127199984946676
0.127620888735211
0.0294728865241405
-0.00206910890847842
0.0150370997338577
0.136020423086405
-0.0559329990537587
-0.0774875832589549
0.00598427540778933
0.0762370295928114
-0.0700067932620253
-0.00048208438371173
0.0496528970932963
0.0430897617541483
0.070343722351677
0.0184337826048102
0.00455446041293682
-0.0215562307931484
0.0480700305523565
0.0521374677307054
0.0423614680050991
0.0573665496378787
0.0483828793192042
0.0321272080626568
0.0792281494182056
-0.0273270024724638
0.000617218620818927
-0.00957359811584398
0.0877462640848965
0.139380508056546
0.0556896281462816
0.0690911256676799
0.075784419306669
0.163396213459481
-0.0802889220222459
-0.0488942720033222
0.0784811529810846
0.0237280317990842
-0.0223731883390818
0.213173061658351
0.133633762104864
-0.0660534386246196
-0.0938539094085756
0.14709203615666
-0.00329616358510208
0.0420570793193718
0.205028266392732
-0.0155110992707647
0.204943240836234
0.0215633561990897
0.0888213456248257
-0.107743781583525
0.194045419288251
-0.0299821010660531
0.0202042187509929
0.0950197222972459
0.08581078384108
0.017026249749874
0.0543189142559353
0.0833295416422242
0.123277302568192
0.0553268642196414
0.119733306117914
0.0835038812750647
-0.0341714626510319
0.167042684596294
0.0834850043659817
-0.105060311717926
-0.0502362065301019
0.0164332308949768
-0.0575755726894432
0.0576689232273148
0.121689476582427
-0.102591790628503
-0.0363764725912841
-0.047406874636865
-0.0173276413887497
0.025992319209113
-0.0532779788231111
0.0218479323667773
0.136871755436944
-0.0280953470684715
0.13000138570676
0.00259202394327505
0.0203513671673098
0.0864024283970934
0.0845066441326405
0.155649669842218
0.147687206561639
-0.0518665765003102
0.0396337244886694
0.0127413668417321
-0.00600878393088611
-0.0997963336225042
0.161361437052894
0.0131200419277191
0.142457882480807
0.137060051236495
0.0146408474465235
0.105532728467388
0.0179428526515366
0.028185739579855
-0.0982658743133262
-0.0282216454293492
0.168840408239742
-0.0654119063834714
0.129747930133584
-0.134501266205052
-0.0156868636214283
0.0105390039352312
0.000391096699988977
0.0475099335194471
-0.0375576476116689
-0.000864080482966594
0.0808963895370225
-0.0622838486709062
0.0758141794851819
0.0792804590607411
0.0211779405097525
0.044558816850484
0.0657012575992495
0.0162009678995535
-0.0444810710800916
0.113709075684718
0.0112490903828191
0.0599737169255816
0.0749487536543648
0.0895528158219614
0.00128217883999327
0.105853024996581
0.131555521897977
0.0485039917029859
0.126797833660605
0.0826816496994801
0.0776207158801329
-0.0379276009160657
0.0294484457730464
0.0149261704427289
0.0810193033008016
0.129256990902829
0.0421069882910672
-0.149393772001966
0.0541982777284839
0.0475064318464197
0.0168023000163753
-0.090912668865609
0.00123261589427173
0.0418840152734211
0.0384239449041685
0.161828317618955
-0.031638456402021
0.164155315498187
-0.260497712415731
-0.0680361847576218
-0.0020217012215777
0.030417716142642
0.0929000288178523
0.113338119608391
-0.0352465633811803
-0.00715877295608797
-0.0489805550508635
0.0271997988426927
0.161181469340024
0.0451369246309237
-0.0288667613168009
0.0216286864503396
0.00598196547151861
-0.00561995764203856
-0.00748991934366055
0.0312482768996096
0.0313696569387129
-0.0396378736824643
0.0260764212633578
0.0541491072241688
0.00612788729351511
0.0260856063025416
0.123122555139584
-0.0232897508713877
0.00503977146406111
0.0186339947246909
0.162923879454292
0.109268615627459
-0.056985758898143
-0.011235262808302
0.0771787515872745
0.0368608396021933
0.0297698732726273
0.124136225866839
0.0179087509442849
-0.0289030923546739
0.0175334239991958
0.011833941398103
0.0632109590983586
-0.0232193110903915
0.0747344223777935
0.0705828349330171
0.0272226667106337
-0.0243479671023152
0.0578992142060107
0.0211411200210546
0.0866757626046293
0.0876188126070863
0.0271942009643963
-0.0014962554547406
-0.0116517774648978
0.0947347596045525
0.0222175350297207
0.0462312314097154
0.0245420107998235
0.038208292323454
0.0413154875376305
-0.000364999712955803
0.071162735560814
-0.0119649180881833
0.0716942707014356
0.0382519908843337
0.0438865259635027
0.0529527856907847
0.119001108285781
-0.00864243544383898
0.0482059251680515
0.0438738110610089
0.228921973132699
0.103601670983806
0.0910100132086566
0.0432537985953965
0.082884408826259
-0.0425363018402439
0.0440176337477644
0.0348986808556531
0.0731850790238043
0.0936228505551532
-0.0120465713515635
0.057136424735006
0.0163829873108758
0.0500425062970392
-0.00935410526070359
-0.04121164525905
-0.0189361027187576
0.0191870162827808
0.0572711804343466
-0.0143509408887243
0.0285129484071702
0.00180711683688878
0.00325862901602085
-0.0132178173183424
0.0184963963522261
0.0536680384153848
0.0338549853058831
0.0375042891443714
0.0675107477007789
0.0510869601820261
0.150019707868193
0.0446244296768101
0.073170794423849
0.0572675856632268
0.014382903052824
0.0298137075123043
0.0714624404900529
0.011066674106565
0.0616110907109355
0.101570528946696
0.00932807628978159
0.175929517192161
-0.0159375203322642
0.0153523685162507
0.0645705742905817
-0.0656771984283516
-0.00214219876745187
0.0289225378898605
-0.0333333968733002
0.041431352476835
0.00363566928209755
0.0120496326697402
-0.0301592435587611
0.00605061298828265
-0.0132874451934687
0.0376358231375204
0.176751497531383
-0.0278454811199216
0.0285915422132975
0.0367600912275713
0.112015156412689
0.0246352018059861
0.072136853379681
0.0439881490194423
-0.0230154992269303
0.1931228088473
0.0319454375319463
0.0134939297271036
0.00939093731653501
0.000840622328176714
0.148390533561634
0.044149667910477
0.00466366813278975
0.0641128789462848
0.0957903950012308
0.0768781646938584
0.00885584747885996
0.00453510626233476
-0.00252588479336286
-0.0365568528971465
-0.00919014585556665
0.0133596461839961
-0.0494212909777897
-0.041205946595487
0.0276278477034306
0.159269129497146
-0.00198115666317026
0.11724994623904
0.0127521483489121
-0.0199587605275434
-0.0053541279439376
-0.0128944646786918
-0.00318303824238836
0.0623541783799837
0.00227522706731479
-0.0195419053432913
0.0495507566147281
0.0946294019871703
-0.0114256628668014
-0.0749670727699451
-0.0409467295875299
0.00628265874542048
-0.0110081508031816
0.00287454753958756
0.0931405045024184
0.0043756799468804
0.0656644637663485
-0.00734750368461673
0.0303514079223809
0.0436345799761576
0.00514016052069689
0.0911341240865285
0.013993844633272
0.108850100343731
0.0293583144299619
0.0770087334936521
0.00564313790501601
-0.0639505549111179
0.102547169295954
0.00961732227064557
-0.0224143262217585
0.0904281323562516
-0.00217452894163824
0.111421518542726
0.0340410427803405
0.0574620668188872
-0.0630892572611446
0.0205391789621663
0.0247714028686821
-0.0654625927126712
-0.00731841971435995
0.0303451895774836
0.129186655499086
-0.0143551407523664
0.0151840887893143
-0.0433142159489068
-0.011313004599028
0.0264479449321401
0.0249100823344147
0.0529463034610493
-0.0338958636024672
0.0177798399610796
0.0201509825332574
-0.069077383750998
0.0487507542107579
0.0127112132900939
0.0645487653136267
0.0218327978521656
0.0968369592172589
0.0379950436887125
0.0555997929518035
-0.0253938408147319
0.125827775481627
0.00606006941782259
-0.0620471055322488
0.00202937172740669
0.0719376068753094
-0.0299984455955052
-0.000830890384391322
0.0261742091754781
0.0164571219042949
0.0751933764095641
0.0137847881255087
-0.00168131684677431
-0.010577714924984
0.0445902581718523
-0.00377592648862065
-0.0521867145163169
0.0120539008754594
0.0145989338923838
0.0337359933681566
0.0137782631125451
-0.0372768662875528
-0.0681140355440232
0.0381811453842841
0.0516333671750989
0.00992738566761319
0.0543722747511648
0.0280490398671844
0.0892736284312075
0.0492129349964487
0.0392880390915279
-0.0514126985943463
0.0563809903246006
-0.0123998660930532
-0.0355569817336694
0.0317334192187774
-0.0186760482070303
0.0785621490542042
0.0382124380183199
0.0697486071137454
0.0262120818927517
-0.0198525189472697
0.0770857592028465
0.0221236892102307
0.118610416710288
-0.00986065178245499
-0.00576325761926023
-0.00215611165110842
0.0740976142309144
0.0574313891520175
0.00613646917687059
0.0162163018981663
0.0380403425179755
0.0148636439623754
-0.00151437974720534
0.0180914224899888
0.0267918446631294
0.0320360780714461
-0.0451422416134701
0.0505974337930052
0.0233943212759733
