9.58782041915354
10.3639405109802
9.67038734143927
9.95096749186796
9.52247056673831
8.90707411965284
9.24422943337481
9.1737732932776
9.61039069484744
10.0262102441565
9.79619549017847
9.56420957294421
9.11102104997834
8.91293744054772
8.99122767220222
9.86976616806529
9.87507572597646
11.4290772463322
9.54211220240127
10.5741058889877
9.40430508067715
9.46892786183643
9.55524863145768
9.4938129221876
9.94329806491033
9.80371504884799
11.4698284602187
9.65461270662862
11.2755135091466
9.09327118578361
9.69075292107364
10.117463837804
10.0045482096583
12.5695784168223
11.8509268468414
12.5421962562916
15.1135111130805
10.2621608898395
12.2801885480941
9.38462831442068
9.22001792475398
9.14509705967681
9.45498651980728
9.0104394373659
10.1645097202124
9.78460368748684
10.8812130333074
10.4721194224778
9.93871396908937
10.1291879400866
8.96246223944846
9.410119072656
8.84572046943042
8.93012821188494
9.33555848846997
9.10307819316877
9.9559640806714
9.00297440422788
9.23455586553219
9.52452326851914
9.31700730707233
11.0553832875695
9.31356143878446
10.1517978444483
9.22106325667486
9.21200195347386
9.7856365581318
9.83407882234365
10.5973197664622
9.606258208513
10.2619294019029
9.58347434747568
10.0917465350007
9.52353487252446
10.4634613045951
9.55763519211799
10.5087678768643
9.29072706062159
9.55794472093113
9.19745902672578
9.0046994737925
9.53377892189797
9.76765173514964
10.2907426418805
9.93481132821805
9.64540418764366
9.39658358476242
8.81344658141368
8.97608232852697
9.75565914539373
9.71210667120636
11.9973799442784
9.82753621830627
11.4106799979535
9.37089483008288
9.7513324682603
9.61504604970506
9.74784663278304
9.79999845455766
9.34853550809676
9.22891411288605
9.03666157894233
8.83232723855195
9.05871013421725
8.91882030767778
9.42624360298404
9.35320042321136
9.64467257093989
9.66820052376902
9.35188100479817
9.56871944666005
9.68458448203629
9.41453084598609
9.880016034107
9.15888313443607
9.37141460428981
9.38388658159796
9.06167168989781
9.07432783252777
8.85892218533409
8.76207418116213
8.82857561482681
8.95613019169675
8.85295361192895
9.61228310761561
9.02709823879989
10.1662199306991
9.07326870501116
9.6316108924798
8.8804007342064
8.95163634073494
9.10493717778739
8.79527174816394
9.08544306034913
8.61180566553343
8.73447733934669
8.72126780050901
9.19293112082893
9.47072697165333
9.80703014695706
9.31176271733895
9.30450673545746
9.32803293634909
8.88182509876491
9.27039252328365
8.97969499948672
9.31898497801598
9.3381699463693
10.1976192816388
9.48867510177099
9.55057765875451
9.06301913235075
8.78267788419003
8.6998039724061
8.59448085434685
8.48202854082123
8.69383364798685
8.85778123162973
9.42503360395398
9.26727877693859
9.25060975858002
9.53891451277853
9.67020427822957
10.9240147700073
9.999456814978
11.0173750314564
9.34018607576657
9.67357043474458
8.98251392685465
8.70231230160583
8.69256083261691
8.40773959838771
8.5466427052624
8.47188332853999
8.64011675965452
8.69845742684065
8.68923168865549
8.874497275909
9.15053591416603
9.21579723396523
9.90546955931962
8.91706281135452
9.34521247943659
8.59420421492749
8.6513638039256
8.85900412188496
8.48007791663528
8.77199026136447
8.33021242549175
9.13491120810783
8.91403553760163
10.700190323449
9.03106027396134
10.3998213486632
8.60910486060898
9.37028387405477
8.69249314040818
8.75728490658006
8.58752016590037
9.27753869923744
9.24632630587845
10.8871388034876
8.93784100627373
9.65566358541217
8.18977190981741
8.07357886362363
8.05956558204759
8.96283406666818
8.85859613664244
10.680116227887
8.81119194024806
9.81756349068017
8.07401393024276
8.38076642683713
9.30579477964925
9.53497646096767
12.5697248074107
10.5869683889694
13.2793081761998
9.61880635264642
10.0790624540687
8.49511495761896
8.47121944580629
9.79256212664792
10.0826940331337
15.8611672378294
15.0775749822582
22.5296216650072
21.3183256656828
25.7599034178393
27.813801939557
25.2405101118712
21.9941603695032
20.3411316453774
20.4312907059485
17.1590576815527
16.4945039396671
14.0216108846789
11.795222299868
15.4074360798485
12.632693587217
17.5357287145673
12.0075466362088
18.1678435122157
17.1361519337527
22.6411165911465
21.0851883263387
22.222483871115
29.0808979249398
22.7416426034768
23.8175379888934
18.9426600538085
12.9593873664008
13.2744057822463
11.1097242406586
10.5128019068142
10.377777050235
8.96355942871188
8.81149290299242
8.55614287893279
9.01438939811018
9.20270673332706
8.9352459607364
9.1418010171872
8.8233925576481
8.69293664231779
9.00212023694989
8.76119376261566
8.76578284728396
9.93133054335314
9.10045119827133
11.0355048901456
9.539197551023
10.2128186511912
9.39391711370362
9.18217594144221
9.04650294834538
8.42181055007771
8.36919412224705
8.21460167433812
8.17029014344598
8.31246659182162
8.0757135942272
8.1757392526831
8.80844834875246
8.81019005924065
10.569555796381
8.66332482141267
9.16043216614296
7.91868289452842
7.92797036352009
8.34369568277903
8.40382374613987
9.16021980246674
8.47896912969554
8.59127391796821
8.35559630627482
8.26611658586927
8.32326421933342
9.1659135853375
8.72061396183935
10.0829023764425
8.74355092721032
9.28810657777453
8.58716564612089
8.41358004172644
8.74677719843425
8.34708302673929
8.58004231161995
8.72791114041797
8.65037531039892
8.94044280740511
8.50093433848317
8.61901556739606
8.75403796074408
8.77073999078915
8.55206447327041
8.23412714815636
8.07737759466535
7.84164639577305
7.87042924125534
7.96895456645507
8.07591832923096
8.26730573280049
9.92289101188713
9.26473438974458
12.0160016998983
8.81453959082677
9.55691493541729
7.81723869519093
7.96504810963483
8.22317017346886
8.28310317398224
8.46215540449887
8.88403783197531
8.4528850372625
9.44329812206129
8.08546910935067
8.69619018079538
7.89060578054871
8.36517364771171
8.73050802403696
8.65285732606602
10.0201822864722
8.35589640721174
8.80324299655693
7.79230650425679
7.75667073162081
7.71891400890837
8.53719262985558
8.32660051096396
10.1762206688862
8.66030247368219
9.64445416986613
8.57417049904522
8.46656162550212
8.61840137332232
8.27609680814475
8.18214516272858
8.20153890521151
7.86675330766925
8.06947045888445
7.95277822020063
7.9687585305718
8.12149967269471
8.10076724811951
8.20271529429536
8.29542195592611
8.43999378265424
8.54653537662443
9.98658969532111
9.01425527133724
10.2378702058097
8.49706677473184
9.09304519686032
8.16797908706661
8.63057949419481
8.23837819226773
8.65665803302243
8.1684967456894
8.29240695223215
8.22092630783231
8.68566838598467
8.66895234747295
10.1804522917012
8.43924138546775
9.03615490849823
8.18697423322126
8.50473787563504
9.24978178459305
8.651148862235
9.69082030349827
8.33222616197999
8.81918128205395
8.34260485139193
8.27132779895662
8.70331296792315
8.25835722630169
8.351244537399
8.15933934345996
8.42050945454877
8.8704487289242
8.70628755002646
10.2505519282495
8.71439186221378
9.90188642393011
9.31825987365922
9.624435673826
10.1643447589218
8.98471456698524
9.25567708193743
7.97719500257998
8.3024152501477
8.04469516149784
8.45516463894759
7.89206874152396
8.20369771398808
7.88048519380157
8.5103695392652
8.03737078728236
8.20190272627517
7.86344568881593
7.99774422999038
8.35130611416107
8.85206467904817
8.80535719545441
9.83485744765311
9.15516855847389
10.731674317467
10.0101903447939
10.0710437841017
11.5737736297972
9.03085090649322
10.7326253684965
9.22436923787403
9.65315576416114
13.7833437047299
11.4252755694152
17.5913212117865
11.1229241329869
13.9075214847704
10.4594574933779
12.4679883869677
10.3921979312117
10.7104574813597
10.4971670179713
9.99444741500223
13.6587395802501
10.1253172811434
12.5252618313743
10.0523887502831
12.7506463058585
11.9569107641519
13.5451357671505
10.1930975033773
10.7648332286862
9.13264309936178
10.7233370956827
9.39679877845039
10.0315662449684
9.87628763682768
13.8660323578566
15.1617135296475
22.0994667708213
13.341534040946
16.0688001443571
9.81455792443395
10.6500842436389
14.6235659057695
11.8946736068029
16.8913675691963
11.0926315713577
13.2564996666857
10.6130627342012
9.8492175767618
9.48882350763248
9.63412772445989
10.3422251560335
16.627785030922
16.0038256808257
22.1673606130828
13.0287584465058
17.936150607122
13.0838054991047
22.688744999311
16.5974337952465
19.3918602353896
14.4884865501344
12.8116831603834
13.1180443598694
11.9564684977402
12.4824423126004
9.9514997613378
10.1051937476053
9.24143398517961
9.52271568006795
9.12544972177277
8.9135389005673
9.1673538999322
9.96854395986519
11.2696758114943
10.4405185729382
10.5767076286692
8.86101710332957
8.75780334218102
9.18656960587753
8.82500926597413
10.3123404213507
8.88255998305076
11.104978661533
10.0184018649102
14.2327744689193
9.66288200931153
11.0795829118225
8.136189371666
8.39849467190943
10.0813381149686
9.57496602561111
13.0504595123915
10.2197758867035
11.6404251598369
9.50682530634585
9.7104568847559
9.3627299074107
11.6120341727984
9.6646136791146
11.2447810554768
8.7120634390566
9.21523733894467
8.48095431070369
9.08395261677475
8.91622124804575
9.33463123398475
8.64355967102816
9.02911833406423
8.58354114587979
9.92527551522974
8.42520751282108
9.4739769799158
8.58441785308629
9.03390587899395
9.36132655291375
8.29202627486313
8.68080373194526
8.26604319392142
9.19305743789877
9.66908770986164
9.48108396506757
10.1011515603756
8.9393844424291
8.92980381650672
8.85262734996931
7.96859762088286
8.90163640777323
9.53420150981371
10.1280534833515
11.8173352430145
9.70474692586552
9.87435429347792
6.74113099891594
9.75794747668642
10.4610383757975
9.89264866663409
10.3521260306737
10.4981829395603
9.12248797012166
8.56834230341598
8.31460892702495
8.29693732442548
7.91647262946785
8.23690053034601
8.23231252106873
8.19066544411901
8.21967609344551
8.88269351467581
9.13310835348531
8.76064453610116
8.88576581700808
9.32796807251206
8.36637572143645
8.08072850681006
9.27386370117793
10.5537248944264
10.0361499942342
10.1493093589477
10.9952299457708
11.1865724956865
9.74976785254983
9.2709154097959
9.98194973509992
9.60653230822069
8.58082748615106
8.75144900655359
8.53061645598969
8.90303478565366
9.19819593353249
8.56091725955604
8.68159988248851
8.90261344610967
8.41500917627463
7.93671003493114
8.19715050661228
8.32358116746892
8.0853092111091
8.18885080119301
8.34376392432678
8.61531930380895
8.57245136656844
8.68654162492058
9.1010860536438
8.79292619784737
8.35622650056982
8.66325484081503
8.20887381030123
8.33499059935911
8.55676780079035
8.21167330668138
8.17550863311991
8.48438016061245
8.99711539559414
9.06490312941737
8.82931387320326
9.36339492365436
9.1255319811773
8.03758194328345
7.96301294503551
8.00853150171261
7.71553981561678
8.15505522691213
9.66272491317026
9.54762409180944
9.37759852911238
10.021342563959
9.31477757965411
8.1087173462094
8.57656640277702
8.22293433936795
8.10730632576179
8.25498156982242
8.33281195232528
8.38362690404657
8.31162182140383
8.1187661660125
8.49495458025508
8.72535638484548
8.59028008212928
8.45727110230951
8.6845211968303
8.85689632184257
8.36930164628371
7.98290075042995
8.36802122572664
8.23799412815548
8.19234125367734
8.25040970797632
8.26444524779096
8.19232506985284
8.0262794163375
7.70529777310713
7.76231637611328
7.64210295429798
7.5446145865741
7.57643446114614
7.9351988029578
8.67501898077599
8.57755999090772
8.3624433425148
8.63409467796142
8.26042451358557
7.54367260022183
7.5333549607226
7.60571681903042
7.7222751415135
7.71804535234872
8.0457481093978
8.14985624748372
7.89866692849986
8.02602428933946
8.47630792033282
8.12087554253844
8.95519117861246
15.4207144965368
15.3698138130954
13.066532547985
21.7301337838252
20.8751494807069
13.4612175113328
15.26716213872
14.1805421779849
9.49473284377123
9.10499212798871
8.79644409347408
9.23884515993482
9.30490311039977
8.42426834384412
9.35770079808303
9.10236094690036
8.65862801039899
8.72199479595065
9.18530027756249
10.1729346837551
10.5878600696368
10.055741156607
10.4413195732894
9.92635889206078
7.97112164024674
7.54768723536075
7.54027367496033
8.02894836549593
8.11424482103898
7.9194733400904
9.81669314467885
9.90106634667726
8.77349007999059
9.6437546341876
9.56891501317308
9.15715629690951
10.1793662044188
9.91641476642349
10.0088992434307
10.0728418823579
12.16238373185
11.6862151357765
11.6389305298523
12.9743707112056
12.2505006176199
14.1217359383528
16.7122860338251
16.4942938481469
18.8987744336678
18.5388501767603
13.6608404282614
11.8517613101786
9.4774004738722
9.26852453473174
10.0344558793095
10.2465702510755
12.4836790606409
12.2718080879924
12.287053497105
12.4668296091012
11.1231360376906
9.63658564437594
9.71436258506168
7.79565061241397
7.57165090708404
7.62238548735623
7.68499430492403
7.58443688240498
7.52299034577103
9.07354369986892
11.6768220388684
13.4075123481712
13.0973059126395
13.6183166069654
13.9293439973854
12.0706667168172
9.99067671728554
10.3990152499442
10.3276890196677
9.20524113194274
8.41215579924167
8.86746270831353
8.78997500567638
9.54948723389965
9.9277215847529
9.64294836652465
9.5118208964218
9.389553830806
8.91450033164902
9.83991032369952
10.7740905567322
10.5236325244713
11.2857649050434
11.0481896652319
9.8043615125541
8.84771132823212
8.80075348348941
8.33301069174973
8.26874447451798
8.25458211038512
8.13560660632167
8.21324017142029
8.01695861791655
8.50074208065032
8.45895785751597
9.29406398897416
9.49257859730506
9.98861826253435
9.49595486101615
9.13220047978254
8.64817909091465
8.97059985315973
9.45389680649681
9.53980157747887
9.20909362466792
9.46626123549268
9.32823561603679
8.27211910780934
9.8650048199724
9.92241157196654
10.142154703305
11.6160981999068
11.1779357602025
10.0058428132555
10.9152328496269
10.0808060005739
12.0835735283932
12.0632549431762
10.4634041524743
11.2600962406478
11.8746545969507
8.78641961743941
8.85210103710008
10.0118355653992
10.6683129685584
12.179751467214
12.1040158358218
11.8408124491672
12.0191211799235
10.8111645250338
8.43312132869125
8.77821800080101
8.44107624185287
7.80684019596371
8.30251659245786
8.9336590948375
8.39658868024961
8.60584972169809
8.91382431676082
8.47116569309521
7.90572937896098
8.73079759761992
8.45184890065616
8.12458834123299
14.3190508020489
14.172403789627
13.3001808284606
15.5933189681159
15.0162508600443
9.64667446527975
10.3107702859801
8.78323925130311
7.77870903191674
9.89054386034601
10.227310342419
9.22322210728054
9.58397121244625
9.63490225950474
7.79946048577184
7.66846718399204
8.88280183192943
8.84054134303713
9.14136034082902
9.42346648215898
9.18219100668379
8.39970079991935
11.4077858925727
10.9662934707581
10.2879801728892
11.0619059441598
10.8013822636953
11.617352856304
11.5443352238801
10.1762838798454
10.7350334038662
11.57650029504
8.35207397602284
8.08543133374008
8.2314205028058
8.27197598579032
7.65575948869034
7.56351554691444
7.95174066031083
8.0621479003297
8.45142001787467
8.49576022414825
8.43376445456459
8.30348370524845
11.3362956253164
10.812464692688
10.5959827218956
11.3310461019669
11.8303689634596
9.12574856221527
9.15392581151265
8.64954298296605
9.91488045098795
9.45944656292718
8.99761697106888
9.1007628234175
9.12193013896366
7.80996573066948
7.59760096742155
7.82471890514852
8.43869747684997
9.13569106391594
9.45633919089469
9.46492875443442
9.42403022494706
8.93335965612479
8.21121338477541
7.7940182549618
7.97338964910427
8.46028404050701
8.34942068870023
8.16869016623058
8.72072937364046
8.62597683886383
9.20735266940334
9.28670707635501
9.88568197747758
9.81814622456856
9.38883096549356
8.50604221295539
8.52835047025166
7.58097720023239
8.43913817303917
8.43338096330044
8.35233035391058
8.59917372184006
8.61656943421948
7.88200826952119
7.98629786367188
7.75237488513628
7.82786672999773
7.77156171041025
7.82279720080752
8.13041552115572
8.1043396047663
9.08578921598193
9.55763569169674
9.12056924459114
8.97289805056612
9.9866948564275
9.01208793536285
8.45439472239275
8.5661660642085
9.03668171037183
8.23845664941771
9.30644879947214
11.1774482918683
10.974393633231
10.3832973912377
10.777317744777
17.5201107404021
16.2958196411532
14.4716094600253
17.2014130325218
16.8968846835009
9.43894478986753
9.45838018635803
11.1573326618503
10.6039274558131
10.0114338410751
10.6124828461958
11.7638990188279
9.53882796458191
9.06348695423338
9.41806695856828
10.8282832607483
10.3441844619837
9.87920929590062
9.91128024475992
9.81586599451072
8.61144865332914
9.16739077913916
9.42851466337304
9.01638696525281
10.369313846876
10.4673857987922
11.1451928240111
11.0070155386976
10.383891626841
10.2967632954044
10.0942202433009
10.0774704755449
10.6456362026414
9.96259835544358
10.5333029825745
10.705808928169
8.00271125918001
8.84777710549812
12.4182739850707
12.3812609267771
11.7800871737529
12.6246668010581
12.1612198911065
9.44001930365848
10.1599154200334
9.50162104521844
9.55183608742409
15.8479962915524
16.5502435243792
13.4848141256752
14.5122453336773
16.7069059399616
10.9593519906602
10.8720029238453
11.8623488797053
12.6272834902589
10.3913619179914
8.89415117509314
9.23241690158551
8.227371154257
9.20394271197306
9.77142706392546
9.45528123782908
9.22094942066172
9.1264302293524
7.71427634101379
8.68515199761197
9.63925085293194
9.4483233866163
9.37790901260759
10.2551748185171
9.20257413986829
8.44404300269872
8.51061647830669
8.44636577884076
8.16299195844131
8.79688489826248
8.42492246744067
8.40599834081128
8.78822582369621
8.21914901273096
7.58845338418913
12.5364225836289
14.055946316699
12.1256396323395
12.9392220303571
13.5642518807854
8.13033628161449
8.12974850699032
7.99068045082922
8.0815794005722
8.08292759583858
8.01748477623507
8.33477501776525
8.6884206118495
8.7471785371572
8.41567121369383
8.66841176559915
8.52924287866744
8.3752067457384
8.59962244080596
8.94544377939853
8.54767860529248
8.69231199380101
8.51417005662445
8.33714936014766
7.85961731821944
7.80882623201908
7.71949781101513
7.69693787654728
7.57169977224851
7.78376818513449
9.05878253969177
9.05490365521339
8.82417693131248
9.35563252677205
9.17241740394147
7.99349485178754
8.17289452679712
7.92154153375134
7.73463893108997
7.8967173657277
7.54923696823782
7.48188024187645
7.48322679499279
7.64175255477424
7.52636047961458
7.50272084080339
7.9478253502206
8.53222512392952
8.36456888122462
8.42720682656183
8.53942085736184
7.95653334305985
7.55069757570194
7.7977075975301
8.0926101491703
8.25349984609605
8.34998066698629
8.65478310163314
8.4556625908663
8.16816357022184
8.7622442349457
8.73231013696407
8.21090178839644
8.47286992121717
8.53817661780446
8.34206280967346
8.40042732831462
8.27936508204083
8.22086089417739
7.96120220316389
7.66590096711362
8.0938516368343
8.21893806388824
8.11699385892372
8.12054378721718
7.89676089334433
7.64859821762041
7.34379734265992
7.3760640641396
7.37054001108167
7.33087475593374
7.41354580133648
8.22132151169704
8.49630545604452
9.38379469357904
9.68718592152518
9.23147132622456
8.48295228449662
8.5427241198193
7.7587158245646
7.88763564643455
7.74776558185031
7.90362447964745
7.82279592463797
7.58905808866308
7.70599010538394
8.25340780203343
8.65436558492723
8.4739611248815
8.37830400608923
9.2599507823013
8.76846654507915
8.47528531406508
8.55124755877859
8.39291205667686
7.76231681713292
7.58826219989323
7.51693237697937
7.84250178177619
8.12095729037952
7.94103616334619
7.92459095917125
8.03800279536054
7.7936707395627
8.76075548781013
9.05999732399729
8.5955594723985
8.72418473079594
8.74273559049412
7.2699702690943
7.25023588943134
7.47418094127025
8.14238675706402
8.19775594287967
8.00379272382404
8.12897509563641
7.9912419245809
7.40530335990621
7.47001433188332
7.72855376786621
7.79589313250957
7.58937586125742
7.55846244637619
7.67077404232715
7.46062998946569
7.45415700592878
7.51130375139203
8.05805998473682
8.06209667474038
7.80054039938423
8.34717119285659
8.53693801869842
7.71332699369466
8.23889810366771
8.60653279107789
8.03419318012324
8.22848946440172
8.26282539204416
7.78704484944282
8.39795642965219
8.45161203047541
8.03499087812835
9.40473582699284
9.64636589017372
8.40386399952819
8.63588164310868
8.76063067656124
7.5311232498923
7.49121325572754
7.86322344070432
8.05278065876735
7.80121082636158
7.81856593936465
8.00583081330015
7.59054465231379
7.71118236073957
7.65722908531063
8.16526946388572
8.13327027406032
8.03236671923454
7.97011610161271
8.62613743883305
8.20409266254031
8.06793068466262
8.37515615733902
8.44574036188472
7.72029515133027
7.85791288313163
8.90888360543561
11.7576403694859
12.4329623722759
11.5529527730626
12.0918542972914
10.9410809509843
8.90306085515781
8.89435628022416
8.53758192217479
8.69508843207031
8.54758076000421
7.20509311470181
7.43766503663258
7.46547862235676
7.42061368862063
7.5637675939251
7.59984417181505
7.4039157579973
7.49763890546718
7.50758993771573
8.77445141990781
9.91783227832491
10.780677987599
11.6318016137831
12.8111463805666
11.6045957103909
10.64721576521
9.87628554910334
9.22826128848928
9.27874493415698
9.82729500840856
9.01159016007902
10.5718231704638
11.170554647733
8.79840079650675
9.48203964471024
10.6807779913061
9.35850463758436
9.10967476677179
9.42767139281087
9.36323143444185
7.97939338440985
7.68275160166039
8.15504294653821
10.2278822055706
