-0.0835444966170884
-0.0211299168742363
-0.107633282930876
-0.00108446272691757
0.0165461011592321
-0.00356655231621501
0.0574949813218039
-0.137564220115841
-0.110056828341773
0.0395064693103853
-0.00835554883856495
0.00264241257195464
0.0469152434066803
0.072966924061449
-0.0636380775817717
-0.20822126751294
0.0438878912606461
0.0686065484127349
-0.0822041318481898
-0.0638904133888391
-0.0931601663676957
0.0989516764953656
-0.022917433137138
-0.0628945625606915
-0.195276303287465
-0.0037454266998045
0.149300784601325
0.0292885168565035
0.0754396713034276
-0.00295580710002786
0.016259800429494
-0.245011994356787
0.05141137305786
0.0191910843227369
0.313023719608678
-0.0181217408454844
0.0331419073161866
0.101222587111433
-0.0640206222191366
-0.00461072161750765
0.0812558503506265
-0.0172439345827484
-0.107405604189029
-0.0474365579969526
0.149640814645479
-0.134742830663478
-0.0363943873547823
-0.105231794201869
0.00902825491080248
-0.0727173792981782
0.0287154449241859
0.00512462037523237
0.0702854595273917
0.03178751586474
0.135296425034608
0.0438337951020467
-0.00690966978365375
-0.00553895364850499
-0.00222155391799946
0.18638566962845
-0.0032905638374449
0.0263723235187504
0.0804433431726229
-0.0630349216200313
-0.0423190122772498
0.0879793315191682
-0.160454143496351
-0.0335994854689416
-0.0642523650841864
0.0922636889601556
0.114456451214364
0.0317017330661798
0.100286050244218
-0.0728232195531561
0.141314603418488
0.0141066809856417
-0.0191593270424893
-0.0936741382257695
-0.0436289646874206
-0.00199842359768726
0.0817763542491695
-0.144840809698282
0.0975611015123968
-0.0273894677112978
0.0794306973966933
-0.037037584167655
-0.0347295498776264
-0.00136769043691992
0.0591016592736976
-0.213447920678779
0.032844711739336
0.137099393758838
-0.0735208772974231
0.0578441982932854
0.0687512813639122
0.111536172358798
0.115451977543827
0.0331645548866655
-0.0173832089359769
0.0727605076308318
0.0497685800715654
0.0343069905996666
-0.000163597913355125
0.0896249132020512
-0.0664187070879733
0.0859000484041744
-0.102766078625507
0.0303933507204664
-0.0729454970059957
-0.0945739683641511
0.0624781003546306
-0.115815470471011
0.0258646329746969
-0.0169723913230798
-0.10124441365198
0.0751371362763521
-0.0346547161359757
-0.0246320952183085
-0.0368887192749545
-0.0593180551925939
0.049298163361065
0.00425121570666162
-0.0960399040790779
-0.0127283324724853
0.136436794789721
0.0620386545978917
-0.0854719024149165
0.0350871631782109
0.0291584942119004
-0.0751395408671084
-0.0347859224132029
-0.0591784147917226
0.00456451648694242
0.0497789725928883
0.00426604455426019
0.05056330355992
0.109645094361609
0.138399813392091
0.00530560238389663
0.0016566694048043
-0.0981477623215355
0.0443807761925537
-0.0471821182093717
0.0918682272355759
0.0624615526506465
0.00149014336913876
-0.134800287228861
-0.0864578421982487
0.0527065561638496
-0.0371720420118309
-0.0463817242001246
-0.0348006144593702
0.0460763115275967
0.0353408617969262
0.0275343703263913
0.00734683428893004
0.115969084508922
0.105250813068544
-0.0296274271345293
0.000913951823570605
-0.0701740802792209
0.165552586058883
0.084267293506909
-0.132440651403385
0.0501532258854045
0.0833264026434762
0.0841593729983853
-0.018074267960262
-0.0299026637137649
-0.0161519006451583
-0.036988391474254
-0.00620272651746724
-0.0367483921035663
0.0716502107693819
-0.0333025476075468
-0.0499036408368762
0.0630326369594166
0.0830178240099536
-0.124737418456193
-0.0177693695096846
-0.0581781359455807
-0.00661223600624909
-0.0144895389108692
-0.0644021899295355
0.0170520322119534
-0.0427698759810929
-0.014065638014828
0.0353110526864857
0.0395474829234916
-0.154453619664621
0.0485509041671004
-0.0921307143176012
0.0274837165273579
-0.0671215285303085
-0.036790414584949
0.0857572631474122
0.0983580261461135
0.0217375224025672
0.0624515897833138
-0.163671279066214
0.0717167597273933
-0.0100741434928335
0.0754617418318302
0.0308497862631469
0.0159704157780415
0.0564253857482583
0.0119465254766395
0.213482999700669
0.028392223183645
-0.0603928783120237
0.0431288339915666
0.0260865960584322
0.0308658376494311
0.100490823835747
0.21947162547259
-0.0277048411877538
-0.183439613159526
-0.0614412021205411
0.0604416105637096
-0.0274880037118035
0.0739310116435673
0.0243933123899543
-0.0674356601817879
-0.188676316686983
-0.00499999156025242
-0.320967907370805
0.299739246414399
-0.124226501095501
-0.362739596524113
0.470196178885253
0.0882503027336178
0.0629964672973691
-0.353315996324848
0.316200820038232
0.116551398054087
0.169807898634767
0.216197534763536
-0.182855253083482
0.0362044292807387
-0.309908873774321
0.0422000852455099
0.0352552551667405
-0.234720320554908
-0.393920288162391
0.0959093535450163
-0.014129905809671
0.543943807631438
0.310461342591957
0.233859847355265
0.33084301223188
-0.0542537156908699
0.139034596236426
-0.122401986012352
0.163343887253845
-0.0944624528149342
0.0706106019082709
0.00217496409576751
0.0729088721487871
0.133436821182451
0.120966228970257
-0.00318557081030669
-0.0592635955277421
0.10225949927974
0.0111590374341762
0.135247565617736
0.0844148616443954
0.0676574833915919
-0.0844104653370177
0.0441233954477296
-0.119839399436842
0.121450373541416
0.135791157803544
0.117231592591555
-0.0429311001308075
-0.0555512341729226
0.0628422295665906
0.00590564127895338
-0.0110648706850828
-0.00469710877443202
-0.0177108485472991
0.0702936090374288
0.0904996628985522
0.0339047439020844
0.0701934655423249
-0.136067837408711
0.0406707830402255
0.0768192232702765
0.0060252582956192
0.0474591379725239
0.0600910936944859
0.0865660284082583
-0.0844177946365527
0.0105842409811319
0.0535334379948439
0.118364694211918
0.075836863565911
0.0252458515319066
-0.0534329449234294
0.0859922165112228
0.175275691585533
0.070811660819411
0.117108063274467
0.0984285786397347
0.0258206252522092
-0.052676802814777
0.0806421995574167
-0.014995149677827
-0.0358270157834135
0.0994777914622887
0.129678846377826
-0.0117408835834065
0.0288796246883122
-0.0554006571750178
-0.0636030806889584
0.082579656590046
0.0439885467539544
-0.0301668747327514
0.0176009620484098
0.02078082980384
-0.0173485986138891
0.0234979720982409
0.0812122316031123
0.121690698341121
0.0468034829758603
-0.171798559254261
0.0486313576267833
0.0546592309258093
0.0286620259852462
0.0717502058230114
0.0920277089871327
0.0731722123396226
0.100301149807959
-0.0448927338882881
0.0157634791324952
0.158955306761906
0.0187873145284024
-0.0148958675573489
0.0313153557746751
0.106323572289771
-0.0157752576113913
0.0249263312406181
0.17750215246389
0.0421155510298621
0.0540728835885011
0.0678581261115092
-0.00364109743869944
0.0180412703768918
0.0664109722075959
-0.0016014372465374
0.176822799818795
0.0205723249002263
0.117293192872729
0.0916984381843565
0.0243023375299916
-0.0702097429104138
0.0685648761699922
0.0477274880390229
-0.0466617551637993
0.037465126358302
-0.039301887814858
0.0601593298897773
-0.0191824161284013
-0.0449446855111677
-0.0165329815596597
0.0750613938387597
-0.0651741833617309
0.0177891378361077
0.0113507321801078
0.156660683417946
-0.0542724636236674
0.148567075991757
0.000735289611805367
-0.0671282033224006
0.0734335237826856
-0.0475151865042143
0.0693020576446479
-0.0780306979248625
0.047096782539178
-0.026684573564433
-0.0669147839773662
9.41990898324294e-05
0.0215416753777092
0.194470005947828
0.0626841030793194
0.0471672811643932
0.043153619764841
-0.0689866157433617
-0.0892359203035
0.0499446069471559
0.151299860330793
-0.0160376515850531
-0.0546459118299337
-0.0419033638744727
0.00441248882283233
0.122750964040167
0.0940645142556643
0.00813707600440565
0.0558486234440919
-0.0718286939842177
-0.033907225898615
0.0121877813242416
-0.133248251459251
0.0563127051576877
0.115353866526979
0.108787520349624
-0.0775070324118554
0.158259024010518
-0.0345148522319035
0.121012433800673
0.0315826547146519
0.00790061932818934
-0.0322811400166403
0.118753833372345
0.0377042425079473
0.025645617560261
0.0529684475635006
0.117483787674445
-0.0192686907114974
0.0735500780450116
0.0577809748688762
0.0174462042783619
0.0821680696785243
-0.0724970230394979
-0.0605451256440127
-0.0761358733744636
-0.0231094403113411
-0.133121218037535
-0.0498935623953521
-0.033479469906154
-0.148924864937459
0.0168840522697438
0.151729077222767
0.0307483121665484
0.0760226467147644
0.202120505442133
-0.0166216632599417
-0.247374583418094
0.106020517972195
-0.0823960806700883
-0.0696480715328694
0.206244594743487
0.119883936914149
-0.0870271764361241
-0.0366231150222702
0.0230639647936718
0.248773328890196
0.0912012501733824
0.138578884797312
0.0810831922106597
0.162891181426553
-0.125170282182867
0.219942868542768
-0.0373288801203354
-0.0371974411579943
0.0900252672990299
-0.149756556684538
0.0937987130809709
0.116936898121343
-0.066388125097438
0.0803211055500786
0.204272754632589
0.356751367206647
-0.0162826307245726
0.171182768021463
0.0119316387820755
0.0382311752263894
-0.198826262157389
0.121604119838349
0.253992093711581
0.0105677518174716
-0.126260006090229
0.158512188272015
-0.0580852846711443
0.0942733799544355
-0.0576879875374853
-0.0119984826551437
0.19768172403476
-0.172485959183501
-0.301788417963901
0.0915234380128657
0.0473841222360697
0.0139294096691522
0.346636212170767
-0.156234763206862
0.178264539018864
-0.170173372496954
0.138832392559005
-0.108833842437636
0.152536997839757
0.200640076295379
0.0467623124763404
0.0238103806903532
-0.0902159224138951
0.132225515865126
0.0938572757711417
0.0372548473135547
-0.0169698015041739
-0.101962258977655
-0.148544126331888
0.11896134767267
-0.111827778174015
0.00866374313549198
0.0672099381521312
-0.0864688314989813
0.00411508045635154
-0.139305539237294
0.0986773596160988
-0.0229321449835146
0.0159401017861285
0.272009114428346
-0.0500448840971097
0.0536431004379767
-0.0174289481611878
-0.0756903172921767
-0.0933857225585216
0.00740048550007762
0.224069542697226
-0.0734690039238922
-0.121489925833208
0.128098016095873
0.0133850860098405
0.0201770915491303
-0.18631049445443
-0.082036488654256
0.147914475839953
0.0420959803749651
0.0775184327860414
-0.0696171002285734
0.090947597948065
0.0752201388934687
0.119369197161302
-0.0751952876348129
0.00744932104237992
0.0513282649739359
-0.153117440546464
0.0020778925024683
0.0909278161952018
-0.0418785079198314
0.0884154656695413
0.133134577364831
0.0244157053929517
-0.00126630587684652
-0.0297527041488831
-0.116919816855899
-0.102353175760877
0.0697900139993844
0.137532701563072
-0.0580343233508704
-0.0438703566712527
0.10620165502837
-0.00165142926827745
0.0599926729079965
-0.0428690433513081
-0.132477310072496
-0.197221589492377
-0.0309793564860636
-0.0547868418479485
0.0548912002623354
0.00839639739092813
0.0624865285297791
-0.217573238270256
0.104892897855056
-0.158558939141193
-0.0626918738993958
-0.107793503582597
-0.0173883737818391
0.00212483349839484
0.0787871338140144
0.0395385113923782
-0.0528409951475111
0.0850935891634944
-0.00478092399891561
0.0944207992967828
0.00671274748626916
0.165081748220342
0.0952519955009505
-0.0178444837337156
-0.083750099727854
0.0962677215828659
0.00698628162360766
0.0508248219123301
-0.188237997198036
-0.210907877908342
-0.0655627778699614
0.0914586121710132
0.105571405144381
-0.204871113657246
-0.00862042170705894
0.0543224275626451
0.110772078839004
-0.0601056661276153
0.1191167046865
0.00601178768233047
-0.0549697895582576
-0.137328800874922
0.108594799227739
-0.0535251287775889
-0.0452118981489349
0.0669733846579577
-0.0636603293464194
-0.00526934581130475
0.0930240324840648
0.0544938727909608
0.0410258227141798
-0.0690143080800495
-0.0670459826754393
-0.132790520605511
0.0301460197948483
-0.107746515274795
0.0856643545810712
-0.0259498503496645
0.0612819066060094
-0.0863970668005507
-0.0244650687903675
0.109004028972429
0.0514281530136655
-0.0270514429668117
-0.0537361654809243
-0.0977628713107974
0.164897097599403
0.0694431813030009
-0.0553502430570687
-0.100208766194646
0.0139346400621197
-0.027897419868531
0.0155147124237752
-0.0682100138461819
-0.00729226812000092
-0.126809030874469
0.205831012294329
-0.0284224283601296
0.104166698892862
0.0293460626296091
-0.0270508811058549
-0.0679314963304497
0.1164486047114
0.0333717020087717
-0.064376287712015
-0.0186720686666835
0.0832111417139108
-0.13215907572222
0.0366600016623009
-0.0262245860399101
0.0797043868139334
-0.131431158811259
0.107628885474165
-0.00660242638873278
-0.0952106559338516
0.0901481391450942
-0.0580431869116647
-0.0216238449471579
-0.108390693454867
0.0450394831930487
0.106203639013586
0.00838861594054895
0.0725772379614103
0.0468321901715993
-0.014481262227634
0.00696412112625164
-0.0440827594115513
0.0409300143642924
-0.00406816941375869
-0.0450674685497511
0.102606544111973
0.152965206726796
-0.0413175059939272
-0.00613220339763021
-0.0432474159286214
-0.0138548780272138
-0.0485605055650392
-0.0129855555528471
-0.0627615930321703
0.0590741413230151
-0.0411576018833908
0.106994754689153
0.0335471080420038
-0.0292086111303713
-0.068214784890974
0.120180703936376
0.0220604742185285
0.173955028913746
0.397376861559616
-0.0754100915207002
0.101239721502697
-0.451855421235458
-0.129367851454925
0.103229684511905
-0.0101031527949591
-0.0330487465322545
-0.200027110261827
-0.026921182949636
0.112793868544969
-0.0504499626543877
0.0896767960644247
-0.00797276419642653
-0.196053421611308
-0.0541870234207941
0.0120793566324453
0.0290744970715353
0.113562138968733
0.227023641940036
-0.138622988916392
0.0026025179596965
-0.0257203769252418
-0.0147731624675156
-0.0255077865184229
-0.0562588829134051
-0.00689119365807127
0.108058917291603
-0.0442149430672428
-0.0236400401641212
0.211537499799199
-0.0227951419461722
-0.00121241879749984
0.0744064187824329
0.0292305104647386
0.172455846274624
0.127229583363194
0.0454550526091349
0.0521855269508713
-0.0497473621884455
-0.324618305486576
0.0247401468376708
-0.217233917284083
-0.112569619489328
-0.0226204068163308
-0.390709098522386
-0.258332644435872
0.254137693226678
-0.240870806854661
-0.0155484197551541
-0.0107211632527708
-0.000344617944749184
0.0873787317231172
-0.222738394238952
-0.167434405221265
0.117656349970895
0.232708233763524
-0.0377478881583667
0.228977954160463
0.0597855224659015
-0.016782683963954
6.53479804199608e-06
-0.0685338160987829
-0.054505887324267
-0.0181391566469752
-0.0525957601310092
-0.0570624196299277
-0.0329138912617731
-0.0048814110183102
-0.218745455395595
0.252054257184369
0.22396799663894
-0.0414974104806734
0.113327235112
-0.197327430466609
-0.161766942827488
0.0613606571087323
0.0811296563573206
0.0822857740555129
0.0359116492782503
-0.0210005317884583
0.109164322121955
-0.105889014551568
0.164271075495042
0.0747729642304609
-0.0638051596105432
0.0571090367927207
-0.018966780467463
0.114758459460107
-0.207109579650803
0.149477808120547
-0.101725190260213
0.117737132593068
0.0631483057783669
-0.0960247560283106
-0.0863929266823826
-0.0811819383332067
-0.12196404936114
-0.109719453680202
-0.100901871693685
-0.0210775327173663
-0.0930083632271294
-0.060310505789118
-0.162471676873043
0.0328436925830963
0.136339125668831
-0.103048935159518
0.120109682422014
-0.0568363188487329
-0.0295633103285393
-0.123155947801031
-0.146177263300358
-0.213835290886607
0.0506830911886903
-0.0183208061840743
-0.109842109685531
0.064875095953174
0.0631389915055874
-0.237799007014298
0.0318506735688248
0.132370771503025
-0.210720745729554
-0.0857935601232072
0.108324177736246
0.114272781057731
-0.10215273153654
-0.30775373076799
0.0150261445445566
-0.0187398300528341
-0.153911948967191
0.123424530786443
0.0379742258822643
0.0494818430548268
-0.181867278663606
-0.20177077895815
0.234065738758244
-0.105557988128825
-0.123014954279039
0.103406467227908
-0.0677999235471879
-0.01378357154667
-0.134041995698677
-0.0486041767249537
0.0132343944754281
0.0912186396764134
0.108036062268262
-0.0597067734098756
0.0704450728552932
-0.0992728761863793
-0.0678867039292327
-0.00919494068422326
0.12537213026597
-0.0494205083207273
0.0335362083698089
-0.425606384445926
-0.0226080864636393
-0.236415806574382
-0.178260181289607
-0.0596638807669786
-0.00859549256062319
-0.129922148320897
-0.0318135396162202
-0.00913483364276493
-0.249657351141911
0.0755686250801967
-0.06584154997056
-0.0498455805734103
-0.00526860321074333
0.00367551157221166
-0.0863229893787934
-0.203558918844315
-0.0486643247530457
0.114395591476812
-0.050909258570348
0.0334126709667671
-0.0992655513148361
-0.298568224120278
0.0578300738915549
-0.10043897076561
-0.0997951229611623
-0.0149935899892643
0.292829216445731
-0.0499516280783218
-0.00514091339885928
-0.0534218206222767
0.125501514406308
-0.0681212067506934
-0.0246990010182325
-0.00540477337436352
-0.0643445505653479
0.028924300222364
-0.0307961001630546
0.0835531565549629
-0.0739916901838946
-0.145813458256983
0.0221744670806847
0.0295437848487608
0.0367074146285823
-0.315181882612556
-0.0242484106456987
0.127044999108808
0.0320658015471187
-0.168801847359008
-0.0132957388650466
0.0645161016559384
0.0115963406861371
0.170177814370768
0.0572964390326257
-0.00815775594886477
-0.075952259332798
-0.0299421112642255
-0.0630050617004082
-0.0250426876561502
-0.101694070144026
0.113382796268319
-0.164701606581164
-0.137893140872017
-0.0683065015538114
-0.0876630739679712
-0.0523010194084984
0.00639290448022594
0.0167344633486763
-0.10219464942573
0.114672201450735
-0.0190978604612425
-0.0193013365811516
0.0888641162941553
0.0392877340985327
-0.210995530351897
-0.00459595599005573
-0.184178027134647
-0.00758332690522946
0.011699925182445
-0.0687810357346538
-0.0442134715351995
0.0028899865483095
-0.168971539782148
-0.0267203051520282
0.077208673632341
0.034621597853427
-0.0706248814490796
-0.0117313409801251
0.047058537889185
-0.0227743592027833
0.0598910535230687
-0.0372523930161108
-0.0702138542869174
-0.117057795189815
-0.0227519202818523
-0.196397785797029
-0.108760725614196
0.0382744696623354
0.0241766882173759
-0.168478909080014
0.0623964920705811
0.0440613164048875
-0.0296210780587703
0.109821785715027
0.0296077959728781
0.183697973549011
0.202310196996142
0.0661149593489312
0.0476703693545539
-0.0571203970430678
-0.4604991373517
0.0945528239652763
0.156175753279762
0.141114364587568
0.0223812803984349
-0.00580000893554604
-0.0759103187476676
0.252516554785247
-0.0930691767615955
0.0767987706960795
0.00969785209176834
-0.198311196449395
0.0501029627967374
-0.0865103592815613
0.0824371057210521
-0.209304401207768
-0.151991949077566
-0.0473459281872718
-0.0625109089061847
-0.00481874035159859
-0.0806945076512096
-0.185206314780917
-0.10097246701207
-0.0455414304062926
-0.17073723276676
0.0711592341837885
-0.237130765901925
0.0159402483278592
0.0291997814035938
-0.0988621478137135
-0.0548596090118711
0.27257189676851
0.0306891891388593
-0.0895560764202027
0.120740375160062
0.013719847691728
0.0171745692877387
0.151632026025273
-0.366264120368158
-0.00595154284029589
-0.159650802284437
-0.00788404008649292
-0.12364036999173
-0.195697946045687
0.135796953886477
0.0809948052297256
-0.00948043308117004
0.480670045561891
0.0648869849994259
-0.023240122817047
-0.0305183256172582
0.220870409952894
-0.23263020107155
0.0483855930482119
-0.21522419683556
-0.0560740011132545
-0.0165087499595973
-0.00846780848048237
0.115548238922936
-0.0954509658266845
0.189093657897278
-0.0642848125615505
-0.0598456190428205
-0.0782633420020218
-0.0730999961266283
-0.0237174219662471
0.181413339739419
0.130443034575506
-0.0771162047381374
-0.0365754784928862
0.148150070897289
0.00502361688990278
-0.123293046007185
-0.0114353366891083
-0.0359709004418498
0.126541357712783
0.106887999844644
0.0392481628873739
-0.0437215883543996
0.0888897137066017
0.0137087256418846
-0.0147416957323184
0.402881208381971
-0.0642849708105783
-0.0584639645848
-0.0352991531303047
-0.123941301884061
-0.142846374789359
-0.0541165320283321
-0.0257110879750645
-0.0502070004919122
-0.120108929801186
0.0924438626739372
-0.124874594942308
-0.114840085518571
-0.0580828006168943
-0.0586406875643128
0.12724580134903
-0.0708803139587195
0.0959884757208956
-0.0742157718156393
-0.134860694026514
-0.0767000409757354
0.095886311961529
-0.063147313065248
-0.0432485502669037
0.0204999343579732
-0.0653353108118354
-0.108308811351613
-0.0291709823572186
-0.00823606531823544
0.0660677864051373
-0.208148291366324
0.0236562358056976
-0.084175602018058
0.0736225547881192
0.0184958917365365
0.0969184907144501
-0.0549510179970684
-0.0573598288949296
-0.00896018136780413
0.0684104294336541
0.0117013093748353
-0.0581693211154923
0.0232658011674838
0.062665266300671
0.033135630038469
0.0176774599584312
-0.134659103526474
-0.124476162723242
-0.0509660577199557
0.0623661777740296
0.0144768713549075
-0.047192406842693
0.0414281587718239
-0.103508596837349
0.105795180938019
-0.0792403578200045
-0.08898251370401
-0.10956401192157
-0.0646411616018312
0.0779661062250583
0.129266365407367
0.0333912416656584
-0.000983842549371124
-0.10100654604167
-0.0980207741445684
0.118654686775665
-0.00100895681570459
0.0167935615332137
-0.0778659361021044
-0.0144233761241952
0.0962842489799449
0.0754337539804446
0.0617703005517836
-0.00709358149759644
0.00330020112814787
-0.0942904141254614
0.0110460307489323
-0.0272926967270965
-0.0306362030551416
0.00109783924300642
0.0561846621865404
0.0226121992286157
-0.181713575599576
0.00640746434199066
0.170845953498406
-0.0377920743340759
-9.23535209209382e-05
-0.0201926268170994
-0.066187968637183
-0.146659262335264
-0.0281930902192273
-0.0537151309869619
0.0173158248773158
-0.00572066955318659
0.0937290427763199
-0.0167230300685399
0.132160287842766
-0.0848924628653798
0.0145908511536845
-0.107047861534863
-0.169406802639336
0.0668608086425436
0.0172941310603884
-0.0399838310940767
-0.0653777172352515
-0.0995539231229232
0.014242017453668
0.0156099009852538
0.078917071599193
0.0762235756865488
-0.0756720558656356
0.0107060794580859
-0.0744492768487732
0.0214679140091865
0.179412036774265
-0.0523208407595565
-0.00682106028058087
-0.00293273641562791
0.0172414443108429
-0.0564377931589791
-0.0474794849206609
-0.0997609695670688
-0.148828086548817
-0.0125028929607073
0.0156764556336234
0.0146148421672665
0.0424685896837885
-0.0724223319601598
0.0294113176226479
-0.114452944139156
0.0125104003353905
-0.00442429492073811
-0.0475749495183893
0.0573623014697681
-0.06636575247183
-0.0702728135199563
0.0087627999289634
-0.158543387704335
-0.0591887900402611
-0.0183489117296097
0.111945077927396
-0.0587330127892609
0.00605913433495212
0.107207703484201
-0.105399130057135
-0.0902028225931691
-0.0951702645620267
-0.0345445873221329
0.0423085433881034
-0.184458520062626
0.0124544871431477
0.0186172175003882
0.179634039140129
-0.0403792675999637
0.0326228760513028
-0.02261096395068
-0.10205416134951
-0.0819722762564904
-0.00835753439901411
0.103529394709618
0.00568366351084535
-0.0861958167910145
0.00062815849769976
0.0610058883615955
0.0177837968054415
-0.109283537606071
-0.0229268997695681
-0.166810799725274
-0.0405665294239582
0.049373581999143
-0.0494452853869583
0.127798827250576
-0.0577348212030159
-0.0905439146725324
-0.136186911181075
-0.00498159990792458
0.0485953101705794
0.0103953516157748
0.17092759339534
-0.36103007141472
0.0759863543902644
-0.0248651785642151
-0.0947964625716117
-0.104642077128591
-0.247307428191086
-0.0545477998734036
-0.0610420147674448
-0.0637471560911688
-0.048952005110534
0.0342603275321713
0.062135039494334
-0.00120306259246823
0.00598693231616764
-0.0990699062329549
0.0399841802238063
0.0113347735981882
0.0395797671641714
-0.0353017175599809
0.207025927307484
-0.2218613021646
-0.255043703247151
-0.183375868254944
0.186024184113345
-0.0897183854454548
0.0736269334924216
0.0675899409193283
-0.0512480389406522
0.207146591875271
-0.0543603348442677
-0.129698765987502
0.205617855301483
-0.10695661544351
0.00911020348048854
0.0805164780427698
-0.273797834824086
0.0474772079410932
0.0540303992986099
0.0268914397925864
-0.164558754005742
-0.0428605523769275
-0.000738651817390155
-0.2072300068552
-0.325692587750187
