2.41325895231493
2.36145340380355
2.38128849063619
2.32301970499513
2.27767537510657
2.22872958589066
2.222089371997
2.29476330547726
2.33316684225301
2.2975728654139
2.24889830314956
2.20681087618783
2.182420742186
2.18815628228931
2.1637611799009
2.4172344190271
2.37563303304487
2.35923762794152
2.34381504074686
2.3209311285602
2.33167256171117
2.33391973554703
2.28932269396805
2.26353168247055
2.47838600199917
2.40771593217011
2.48890718000259
2.43985214624707
2.42429161117637
2.3709614088374
2.32084334171707
2.66934570268272
2.60800679149777
2.54751821333244
3.06543518746525
2.9804295169885
2.90681651884494
2.88773677369355
2.83223538312827
2.75990779311297
2.72881674996759
2.66253364250556
2.67102114680168
2.62435445439921
2.69371825762624
2.72552532166287
2.66966795673003
2.67715751680184
2.6125005340211
2.5877478520305
2.5302830218078
2.47259657278883
2.44551897308374
2.39785065252952
2.46587123733057
2.42632620202862
2.37352499866794
2.32353380976783
2.27531112061917
2.48363316483697
2.42794028069143
2.38084613670616
2.38404439241606
2.35610712585313
2.32111187925054
2.33099588645842
2.45469283611482
2.4109347661385
2.38792982417548
2.3940264683618
2.44515812941699
2.40224235810855
2.43022161727477
2.40628786578341
2.49291345745973
2.44055030045043
2.38878259324188
2.39669632493092
2.35932387368764
2.30878854588442
2.31275823712819
2.40624217430433
2.40985225093587
2.36064193750886
2.35175972643765
2.30976819414851
2.2714504531646
2.22531928748595
2.20430976978733
2.47491542446311
2.42130013179666
2.47989190650272
2.45734116532541
2.41803849891366
2.39382202017989
2.42165385097315
2.4674579717342
2.42367847910677
2.37155785202305
2.3571857969605
2.32728571796736
2.28800866104896
2.24030376286422
2.25757372489521
2.23987347952873
2.24720023153509
2.27861593724103
2.23732052224465
2.23153698206977
2.2627719323953
2.24254954500791
2.29825445550598
2.25209571178855
2.2081353907448
2.24726468108234
2.23573151161462
2.19712721799693
2.15882511627144
2.1286184635147
2.11976243992855
2.09231441535705
2.05227179179744
2.09869303197138
2.06277061721059
2.15274656706333
2.13879981624942
2.15773401926977
2.11857732608338
2.08060035982203
2.09886843021665
2.07738735158019
2.08057641910853
2.04064279593816
2.01322583551695
1.97562153350146
1.9522842230824
2.0079923498615
2.12671222539818
2.08370164005633
2.04352269445605
2.10685102076227
2.07215236735704
2.05871929746757
2.06942671559718
2.05431124674571
2.01434293707154
2.16011278904372
2.20664464770715
2.17181361603471
2.14490678212959
2.13094762766499
2.10873758654997
2.07599535473902
2.03921992614732
2.0042561944058
1.96551162720979
2.03459302545668
2.09035307941453
2.06193132581647
2.02202847761324
2.05396110496205
2.21657354262225
2.24104829295604
2.34773132488592
2.3049580874005
2.30504355107177
2.30904882145451
2.2645268740584
2.2250642250366
2.18138383539345
2.15466782746108
2.11232996448274
2.09077920979735
2.07729828898495
2.04993806287
2.04578545929338
2.02406328272419
2.0327224175915
2.14959794669313
2.11435816669557
2.11896355708409
2.07933886751457
2.04514445144116
2.06775981891895
2.02123679898099
2.01661615885078
1.99071914396377
1.95530381149169
1.92037330236955
2.17126382558704
2.13305563823486
2.20459161642783
2.16317852911841
2.20491465938257
2.19987958791273
2.17321460748361
2.16712381916623
2.11956492808474
2.08397252886203
2.38314195033242
2.33261280010602
2.28928389284632
2.24958657842821
2.19811971198101
2.15296566040934
2.11181841839551
2.06639199804339
2.30741390769078
2.25522794627726
2.26807175700657
2.21816185998536
2.1704773257362
2.12563273429172
2.1350604968825
2.43991793422719
2.39481106293833
2.69642405836755
2.6924769987212
2.63317763832143
2.58577559590705
2.54219909142575
2.47878538355888
2.49084159317481
2.82554264978524
2.76177785007339
3.56920853461292
3.79097936620394
3.77709523129701
4.51423463593045
5.00469001311429
4.83946881257646
4.67218834622422
5.11741884267708
5.17259477290574
5.01971337892859
4.90425861747496
4.84601423958524
4.86055895993412
4.69529933477068
5.00467809133891
4.8261586284877
4.6559641858513
4.790479486275
5.40509868487864
5.21341981698716
5.0309664468046
5.64921789620674
5.7129665765921
5.64422681715607
5.74251732504526
5.54327236969053
5.37664097799699
5.27599851321569
5.13758682809741
5.01308321579785
4.84026194972789
4.67126587703704
4.51053430323431
4.40415331901237
4.30014038904716
4.15870216324301
4.06833189414357
3.95012040549407
3.81623724647031
3.74111195942735
3.63031405902256
3.51423972054827
3.49523814156955
3.37737978737336
3.44315867090881
3.36684203299919
3.32219510588591
3.26481983585002
3.20174128289324
3.16847295397846
3.06983139803084
2.97947817702905
2.90675198503855
2.83351317049733
2.77667035138509
2.69751115048714
2.6386500477866
2.56068260743943
2.49610972562099
2.72948087484017
2.64967606490528
2.58479934622134
2.52148117305352
2.45197851586295
2.38955870247239
2.34954810939758
2.43942004759655
2.38533513345284
2.3243353926647
2.32332988541512
2.27949184208351
2.22253779414895
2.26269506099542
2.22684032080072
2.36518833183141
2.32021444324768
2.3303749494771
2.3179953438653
2.25985109956751
2.29372841362766
2.25745813046358
2.22728025744601
2.23267371548387
2.22198934130877
2.27199804986405
2.23087994959178
2.17682447337646
2.21328971417174
2.27323059541889
2.23919739258437
2.18779678854258
2.175150679964
2.12754743144609
2.07992034667593
2.06500473666998
2.02072154341539
2.01047917885336
2.07729534989045
2.03701357051607
2.49923406208414
2.42941646111332
2.37055033605659
2.30892484073094
2.26802244162324
2.25306694742925
2.22034515635097
2.22364732033804
2.23084622061584
2.18016601687265
2.30016215642132
2.24112125389437
2.20922505532253
2.15638520815151
2.18237116130201
2.14880543758157
2.09884070412527
2.31500056591942
2.26187863472647
2.21610447467316
2.18582018333015
2.1384222710885
2.08826572820099
2.06512987182011
2.02374411325304
2.23514361185533
2.1816831621852
2.23105069263096
2.24169417091881
2.18754307841446
2.220830386994
2.20444722847169
2.16674210724764
2.16052024637499
2.11354875889116
2.10132007549057
2.0718196422235
2.04038133540166
2.04752020533141
2.02013380472646
2.01004089899927
2.05303335150783
2.0076841880386
1.96542854975939
2.14015843626624
2.14656793892663
2.25849825167111
2.2021679556768
2.23365164425383
2.20355924553463
2.19632798598936
2.16435721632226
2.2160498263998
2.1661940805135
2.13647894006226
2.17330488984979
2.12659311293786
2.07617103533198
2.31581778778552
2.27905917530621
2.22938748269317
2.18178186296974
2.20782577336684
2.29024908357964
2.23709446148587
2.34391963146682
2.29052388696076
2.29308239062435
2.28059159620953
2.22591871308236
2.26646227607433
2.26633739276077
2.20896727247116
2.16618710226654
2.21541945948145
2.20418114811291
2.15148838437303
2.39469705504368
2.33513159983422
2.35589631742702
2.37046114002563
2.41332150534629
2.5036940316265
2.46126926176219
2.47857916275764
2.41077755562087
2.34669602167566
2.31938764668427
2.34716937435864
2.28878072786145
2.22991702685162
2.18377931963803
2.22966026751173
2.19078648332317
2.16491488891889
2.12965853638474
2.07876357879814
2.07702364215938
2.13163627368242
2.16916880224732
2.24211241157243
2.21259809752101
2.47584923775425
2.47891222179193
2.45034291244311
2.74549873065332
2.66048908240271
2.73897267930022
2.65700537694981
2.60393205371691
2.83967722986161
2.76060405793731
3.43003346656844
3.34714175132637
3.32737332348514
3.30124443010563
3.4311242041677
3.39196719885809
3.37772914450056
3.2974342419462
3.18444365753227
3.46667743174095
3.39310213287057
3.38985845311403
3.30804448433843
3.36971698867652
3.43350892455199
3.58601079589336
3.47212650341223
3.37603587954967
3.29527381471184
3.39209960871268
3.30979454507135
3.27507927727746
3.22388155340375
3.14091395653624
3.2927462847355
4.04806602758254
3.89963491057221
3.93083556483037
3.78445746099115
3.65100637618676
3.87676076676124
3.80324794082959
4.07243374144736
3.92098593879437
3.92602115319303
3.91554847750899
3.80429881324938
3.71022395468076
3.61321047144734
3.49110292294805
3.62060338393268
3.75332460243685
4.4807292141384
4.34363793176336
4.19458175101295
4.03914854272499
4.64674882431465
4.64533223701096
4.62250270428426
4.65739267932703
4.56428441118663
4.48336552796002
4.42340655460526
4.47647189224998
4.31902381562694
4.1584350602535
4.07354706231812
4.01303150559912
3.91790779901734
3.78268439068043
3.65098500236855
3.62117469349637
3.70684072679486
3.64983142676132
3.62786736897839
3.49969914974508
3.40254467551741
3.35630757438472
3.24085001730717
3.32306813398906
3.26186320129266
3.15561304683482
3.04273558704332
3.45528022879487
3.3475248684685
3.2480276785996
3.1401413867057
3.08822220101046
3.07373347570162
2.97203076470666
3.2370650674968
3.16511844945659
3.19666406858533
3.1884800233358
3.08368156991326
2.98116317990714
3.19279050655614
3.15748081176726
3.18866948533256
3.09106113621551
3.02751740463441
2.97180600720139
2.92877766181632
2.87721152792038
2.90112520286957
2.85870558833366
2.76082768940348
2.69334077478023
2.84426537792882
2.75291379981054
2.73354196736425
2.66177597149747
2.64530935908286
2.72643718099831
2.64960115929547
2.5707110908093
2.50303720616877
2.58028440534909
2.62658127410073
2.58743422100488
2.69662259707524
2.64047137100111
2.58403009709047
2.61529272355663
2.53527139966416
2.49781333938814
2.43873188135428
2.54790560640116
2.8744672703692
2.79462668363725
2.73672461530196
2.66960819803836
2.58464436713882
2.52886792833208
2.77035152772283
2.76107786739702
2.79567264833106
2.73657620027232
2.72117507008226
2.64157808336718
2.56865537471613
2.55728618497281
2.50773861599622
2.45461337017677
2.4517981411807
2.38784504527579
2.40091558521455
2.33859448649139
2.50788677114561
2.53200119906754
2.46393044188315
2.43821043021936
2.45139123889609
2.38949391256026
2.35607227049128
2.51040283830299
2.74035554297724
2.6943982047197
2.68419245154363
2.7094919191539
2.86853021649787
2.78551317840527
2.72859993948537
2.75330878761122
2.69221618717595
2.72782225759532
2.6524972955459
2.59448354134243
2.63973667195111
2.65621138403984
2.59384501748736
2.53395698283948
2.50573765710086
2.45842719026135
2.3934227181328
2.41261509055285
2.38488227303451
2.34446492855907
2.3106569569738
2.28772869427254
2.37241606633649
2.3191404584001
2.34766104213691
2.35354169179233
2.29796002911954
2.28034500693498
2.27362939364105
2.22144466077086
2.28975496573369
2.26873420965262
2.21507878534408
2.1785386961653
2.19740443069519
2.39691399352716
2.39607011171025
2.3477338887874
2.35482893774721
2.29650773999451
2.24169068492577
2.1898512743787
2.168458546815
2.1160177712348
2.18862822058582
2.49426817782512
2.42780059363166
2.46068667739514
2.40846157268617
2.34677245278928
2.31183596329436
2.37242904829734
2.32784032268748
2.28757117370427
2.23325834112514
2.24302722501378
2.28683187657725
2.23893087271065
2.18541348673229
2.19593502060092
2.24368202584461
2.28185115525298
2.22361065821784
2.22389802772288
2.24071810838173
2.19964343194863
2.14710381727951
2.17299544058157
2.13533581238723
2.19280774272933
2.14076027148956
2.14229322972106
2.11863197151041
2.0673731819163
2.02049964725146
1.984237351109
1.95740163839194
1.91343944823695
1.88409453629172
1.95092879098973
2.15840274910984
2.10899336725621
2.05837806222171
2.01877046317812
1.97230029970931
1.94159086884842
1.89835025087857
1.88424712569646
1.88119358151601
1.84871082008979
1.93702643426086
1.91444968928475
1.87469674199029
1.86568334306248
1.98244850562405
1.94987286128989
2.22825173253697
3.61705631761097
3.496942607809
3.47029601426922
4.1993169537294
4.12008563020345
4.04307675650012
3.89877321099348
3.76235553889475
3.7828162898467
3.6538376195518
3.62630562462592
3.50687972080406
3.4551441056067
3.34061046728399
3.39249664044599
3.29198162213434
3.18719778915701
3.09689513136676
3.11770815257553
3.44915994088315
3.39719617729193
3.28564609557818
3.17818357575145
3.07504739823337
2.97718445015772
2.89371549128811
2.80310365779934
2.83997547038992
2.75552884156208
2.67131739056753
3.01633331953128
2.91984677879564
2.82887952683246
2.81339601801674
2.74916120020139
3.00209184588169
3.11551425620327
3.05918553319184
3.01255745727227
2.91931573461045
3.3946563910148
3.29005949499777
3.38490431603725
3.32412167019212
3.21348531866647
3.82346891984377
4.01975103268061
4.3059431428632
4.33706865501198
4.18008212769606
4.02711272565002
3.88301633811194
3.8110456086325
3.85797957153091
3.84357366472507
3.79744636762487
4.04076471492285
3.89711910743207
4.10180108937197
3.9961759458811
3.85314068914871
3.718569868803
3.60105508202396
3.48447533417561
3.36467223377874
3.25740068429564
3.15768305080395
3.05406249637647
2.95443424505377
3.12030259581689
3.49566244480502
3.80801257608676
3.67340269742295
3.65969718611303
3.68844107569196
3.67872908123994
3.58657389978494
3.53611356796379
3.49392210137251
3.40066972368173
3.28634729629901
3.30372270272441
3.23062663154775
3.38178263015557
3.36540923261148
3.25737738741599
3.2034091568408
3.0973894085126
3.18939316947744
3.25392606217217
3.37535362294017
3.28526068623818
3.33693949265102
3.29787491187506
3.20892524644402
3.12265823726826
3.03876062192404
2.9931798638881
2.94040294227574
2.8843542377853
2.79704017661008
2.74316544706368
2.66848861552586
2.7242456397143
2.67109336176331
2.85255256474171
2.79400551500928
2.8960088331105
2.80844641703969
2.72219816505868
2.69904413496358
2.71226670446687
2.86779395283002
2.81804581982356
2.73308424354944
2.69810835217774
2.68353363650087
2.68181324437807
2.8831436748433
2.81293023498304
2.94989479495865
3.04514477672997
2.97805437837849
3.02122343779696
3.09643894283062
3.02884838351274
3.39914033206437
3.29007070454832
3.18249008960954
3.18021792583145
3.23147885661603
3.16034078958633
3.1047025783184
3.14528224386869
3.24542767181686
3.59650233946763
3.50263377915772
3.44305594387528
3.43076546603849
3.32678778896059
3.21823608759623
3.18179826425162
3.08653130417034
2.99662726290605
3.00605194469579
3.0580926672463
2.96821453035297
2.94450873893625
2.88314181354005
2.80841104336419
2.72378379516644
2.839483807855
2.7544767776783
2.70055169002874
3.47559485416398
3.36129117479181
3.47916483881925
3.50211401538697
3.3952296500283
3.28292361825705
3.24071417589595
3.13619384925064
3.035242821763
3.23750685444893
3.18719531726737
3.10170092564308
3.00912679078802
2.91327842832663
2.82648718128014
2.76545654141055
2.89451930045449
2.8126220679149
2.88047058747786
2.79533971163951
2.73436395659906
2.68976811319912
3.09971610520662
3.03204894526081
2.97313154346254
2.92469277065403
2.83290330933019
3.50275589515554
3.38879384399419
3.27901830044563
3.17986063497808
3.23323834510345
3.1389370113778
3.03974203419875
2.9462333162905
2.86654137638918
2.79833511651374
2.7142746299387
2.72905440871101
2.66186456935781
2.68708572809431
2.62099607438897
2.57029978895235
2.53154492525896
2.97449184226939
2.88376238672484
2.97819713657066
2.9174038415073
2.95960993648416
2.8680937320301
2.84938657676513
2.77509449046988
3.02484963991122
2.99670040818691
2.90667338806993
2.83576266474187
2.75068948082674
2.68109727500434
2.60338137460866
2.57549836590324
2.66610726706968
2.71221993743319
2.73341482424818
2.67265002208855
2.62967237576804
2.56381141216762
2.49650597542672
2.44079001298311
2.42268294187103
2.52174192331326
2.45158156719189
2.38441154763403
2.43794831684122
2.4127143481514
2.58701358894817
2.5136977968951
2.62354813946327
2.54820282639799
2.48365371522337
2.43334627864789
2.37384606919422
2.31408489198643
2.41685432133293
2.35343513839898
2.36968369242081
2.33148908673129
2.29206815185062
2.2324939134671
2.21346232086506
2.1580403142735
2.16265069638433
2.11267839179007
2.08792885212381
2.12733481236556
2.07729665981926
2.29390921757045
2.32075062109614
2.27833457531685
2.23238406855187
2.3611945860504
2.33590980352501
2.30268536449645
2.24551588283691
2.32721556306764
2.28379236661018
2.59711935596011
2.98044645559788
2.95455518006499
2.89900101725097
2.82225207048952
3.83691812923624
3.74850079359713
3.81421241097455
3.85243393936775
3.72791816158804
3.60569673519222
3.50696389318049
3.86807304107391
3.76073753323281
3.68028112236315
3.56129949369387
3.61449201179504
3.51284592804066
3.42799511206279
3.36975122498959
3.44951418703507
3.45165222011688
3.35251474806371
3.26199376888023
3.15829772941997
3.08889034078222
3.17510495661677
3.13537560256032
3.04915957116687
3.11886751737936
3.06074243853147
3.25238062352244
3.14789926634158
3.05834974824374
3.0192615727127
2.94594650121547
3.36936533293522
3.29772497674087
3.21972160431062
3.22613517043764
3.1314516225166
3.04175260107087
3.14370572894924
3.51646933123145
3.40303834423943
3.38041544314435
3.27752645753403
3.22700156102816
3.27880015032488
3.29230518511089
3.24682890197275
3.14310654031233
4.38321811060745
4.28225621230814
4.13887229235935
3.9981941331285
4.18533088488854
4.18841592686558
4.08507496603646
4.08413782716049
3.95670181883084
3.82662106780614
3.70290037749735
3.69990220746445
3.60242489707037
3.74508467568357
3.62966911717537
3.52290255185944
3.42901670279135
3.33745280697985
3.23546684341671
3.40382448205321
3.46230970178949
3.363006644448
3.26448360550695
3.33644347893237
3.23665759528213
3.19322668961089
3.0961390348172
3.00458566462004
3.06176995467447
3.09102827942102
3.02365669992579
2.94129231934023
2.92973794377152
2.85179027313989
2.76922751027033
3.83580133981955
3.71593560050854
3.60480796805425
3.49399445346923
3.42952943173861
3.39010195324997
3.29338272069653
3.19700901835106
3.1127020039538
3.07348629641439
3.06307465289337
3.02555634260592
2.99061635123424
2.92330668060342
2.85195065440824
2.92502543085995
2.85728963027569
2.86512761310303
2.80595485296864
2.81208872481381
2.76191121223648
2.77737230385897
2.71316969047071
2.64592402186601
2.58199508372394
2.53206471555155
2.52771900235231
2.4650775557338
2.40140102125011
2.40050570117622
2.5878724533797
2.52516517713265
2.49548300697683
2.49342956641838
2.43852629739254
2.49199993087309
2.43905062326849
2.39404357085447
2.33425516723057
2.34000809046169
2.28895912249159
2.2504586063332
2.20631428167918
2.21429360053943
2.18641794941438
2.14592005806477
2.20976809310401
2.26639013679906
2.2287624331663
2.23210467164752
2.18701796947549
2.14742068009689
2.12609294066909
2.14532132136907
2.23292418321664
2.20820492306522
2.20355977583801
2.22828294826391
2.20086432780496
2.22733534415458
2.3954835867247
2.36167625775373
2.30432248964085
2.304223002586
2.30646231431416
2.42121787613227
2.36213220239679
2.31262972640799
2.28295828405543
2.22735325295623
2.30663299154569
2.34787238565073
2.36192614064108
2.30441278306578
2.2529070349035
2.24262291660239
2.19551542924661
2.14453950360939
2.09691727552535
2.05258432352484
2.07514576800234
2.05323371765029
2.20722205716011
2.15830960276641
2.48073203206918
2.41638252451987
2.35794489573956
2.29895652745659
2.25894664548909
2.32756526390958
2.27239456882928
2.22868975974688
2.18554802335517
2.13559803610178
2.21993228008481
2.16745559678495
2.35508622106467
2.32118251709698
2.27281164088962
2.27206079205889
2.39278540196622
2.38694294532532
2.33863982916291
2.28460504813933
2.24956347714563
2.2528812045996
2.20499198704616
2.16300918871395
2.21397590369442
2.26450500836829
2.23314293042123
2.18634672174105
2.16107373182194
2.12434053167578
2.49964987731055
2.43918650690459
2.37742543829417
2.32007541837189
2.27684110452731
2.2315407297516
2.18562386724654
2.18805187761799
2.27608891212838
2.22132892733573
2.17991027258395
2.14120135108505
2.13401312869974
2.10496136180119
2.08142474031755
2.09903787894318
2.05971337587568
2.01698614400039
1.97978470622868
2.00510018040661
1.97643234484062
1.95561310040864
1.92325872656384
2.02771168908614
1.99932553472887
1.95614018996288
2.10408302170649
2.06432737577856
2.02434837569137
2.15008076444776
2.14354696357619
2.13186154437939
2.12735034571808
2.08142077298178
2.07292374173314
2.20206880829216
2.15558468416841
2.12028453420746
2.4573268940646
2.3938828979106
2.36084094458488
2.30129409250649
2.28373028183468
2.25314662771133
2.20035755905872
2.2989634267725
2.25361394634895
2.2253168074196
2.17658545290193
2.19680179502882
2.16592526188424
2.16060464951385
2.11083945497037
2.1927527733647
2.14506652653927
2.14894020005373
2.10228263429196
2.27588396582612
2.22436849121586
2.19592845538856
2.21945278932237
2.17106667072186
2.17861988911748
2.14680099492819
2.4741700451769
2.8716121411997
2.84368534546173
2.76576084770529
2.70764626257618
2.65927731288661
2.79935066172897
2.72588693122177
2.65740787222904
2.59228799738999
2.52489029056566
2.48757555596814
2.48996178587279
2.43525045230712
2.38588425523385
2.34559624977162
2.3249486474585
2.28713055712904
2.27566171059574
2.22080485720079
2.60243735716415
2.65535382670457
2.79451709311491
2.82160292484132
3.0372631616839
2.95979330615197
2.95012016944369
2.94471463581857
2.86131681453847
3.16366122558418
3.0707406906202
3.0130024263501
3.27109085124875
3.18127753843365
3.09906381081842
3.09874359763326
3.18012542488092
3.11906645391421
3.0820778905381
3.02112893299249
2.98421323361196
2.89893813600595
2.82621811840154
2.846169793079
3.08186100995248
