2.40807671652701
2.35433227419762
2.37292386789906
2.32233549133404
2.27832521100324
2.23199066694858
2.22456029656885
2.29554040385585
2.33164963052922
2.29526587535176
2.24630825147408
2.20210001896885
2.1777414390959
2.18525769733496
2.16240493177894
2.4124326689032
2.36692300639762
2.35272089147256
2.33769383429695
2.31462828699219
2.32056551041237
2.32391070586505
2.27590343761491
2.25264778157928
2.46516189017637
2.40346677031725
2.48584247763273
2.43744343556492
2.42231150774173
2.36916024351233
2.31964631358054
2.66436357560391
2.60850338722422
2.54858576960592
3.06663044462239
2.98166117956845
2.90763227444433
2.88868862425136
2.83313729630071
2.76083513214567
2.72978720285985
2.66394066115986
2.67176859134668
2.62493647217408
2.69536018018781
2.72632421339068
2.67034157858729
2.67711639809012
2.6124245849464
2.58737065754917
2.52995191358849
2.47224981178808
2.4453530989251
2.39769411581404
2.46656583200099
2.42706171692161
2.37421849262004
2.32406358877421
2.27580109701752
2.48563402006012
2.43006810517354
2.383302412839
2.38630092135236
2.35828870566983
2.32259652059717
2.33274402514773
2.45518097426911
2.41130687642108
2.38805760201736
2.39462875267183
2.44653849477627
2.40366067997024
2.43200349506633
2.40793450471858
2.49557503563544
2.44329993546318
2.39108634438808
2.39840998494376
2.36091432615601
2.31036111279145
2.31478427764048
2.40658277559133
2.4108654879306
2.36156314107129
2.35315117885275
2.3109905822982
2.27246476181083
2.22623292077463
2.20539476993259
2.47137634586077
2.41787113962786
2.47856185339744
2.45557820531439
2.41662141587857
2.3928460994499
2.42187259125579
2.46868107188021
2.42456671336296
2.37242682356606
2.35830946559947
2.32848351521703
2.28921649368309
2.24147055920777
2.25931237997573
2.24132063147744
2.24917062883995
2.27961336009348
2.23815748174088
2.23184234349479
2.26201079461253
2.24214296541216
2.29648474092367
2.25035869384943
2.20636601164625
2.24455184393126
2.23415602014542
2.1956100279937
2.15723625338276
2.12684296220999
2.11752066973307
2.09017668633096
2.05011292192291
2.09536231306911
2.05943609251141
2.15141114810731
2.13781423855807
2.15584807794253
2.11669176664644
2.07885133045127
2.09631964943715
2.07461480332952
2.07737296765437
2.03752474363001
2.01032816339317
1.97293820905051
1.94976205250958
2.0069591619474
2.12744693385914
2.08427349977021
2.0440610571594
2.10582227516173
2.0712317406013
2.05729467827117
2.06867262522705
2.05390339106194
2.01381526494745
2.15637590790179
2.20338823043523
2.16834699214157
2.14144435662131
2.12859541412178
2.10605807931183
2.07245051679626
2.03659257135993
2.00031060726538
1.96199612481638
2.03270316054928
2.08989550073362
2.06119917835019
2.02128070410438
2.05228134187463
2.2178564582113
2.24022733912068
2.34776378154471
2.3049627679481
2.30505188440434
2.30914417513225
2.26433907057927
2.22501154896368
2.1814202127119
2.15466888685814
2.11233435792817
2.09061465699312
2.07727591320695
2.04982114807539
2.04541366859364
2.02369778948194
2.03266650627367
2.14834248339237
2.11323940617163
2.11695446717881
2.07711761909458
2.04263550259112
2.06417413898525
2.02158875460684
2.01632790753819
1.98922238392543
1.95228951266375
1.91737015830529
2.16275048236587
2.11483712475569
2.18305205520928
2.13553976190693
2.17025707436462
2.1649594360019
2.14181987708454
2.14086348179469
2.09487607778649
2.062175577318
2.34234631708533
2.29522430969135
2.25470027130086
2.21898936549276
2.16965586018367
2.12419012898391
2.08450927690251
2.0439941663988
2.3025642079322
2.25008139049207
2.26035013518049
2.21104062837223
2.16259837370406
2.11861458764955
2.13088041225279
2.4534095428536
2.40597922321733
2.69266707465851
2.68649602694494
2.62765013805038
2.57956546821082
2.53723106601216
2.47368543231508
2.48318801689144
2.80439446213896
2.74079413473885
3.50811770226214
3.75944773352139
3.7408828517784
4.43225399296385
4.99539334399044
4.83294774982964
4.66599766427681
5.07719051782897
5.15799823529021
5.00782739270182
4.89867564585003
4.8521098593155
4.85500407437355
4.68849149771831
4.96404093756395
4.78701562652618
4.61823285473004
4.73341913980893
5.29691035961586
5.11262496730089
4.93795297735899
5.66303871693465
5.75703984717385
5.70159992387299
5.82798676771564
5.6295527553532
5.46391156861005
5.35186281054215
5.2158315366481
5.07633109442652
4.90232133228207
4.73148183841627
4.56945845210545
4.46599591797354
4.35994395119419
4.21605467214769
4.11911497759185
4.00194673292679
3.86386860717268
3.79178741594641
3.67999086541234
3.56228198379041
3.53276005849472
3.41276337927213
3.46208662692032
3.38847547890976
3.3490623098985
3.29416737889158
3.22597106817285
3.18527849276994
3.08536480128971
2.99256482363558
2.91664655870332
2.84057752299391
2.77995065223966
2.6994890672126
2.64138323239726
2.56170297439014
2.49645080882511
2.70865407466716
2.62867579435019
2.56494748219793
2.50112395240542
2.43131183762153
2.36916922760419
2.33163072080574
2.41281501338266
2.35815758835663
2.2974535066041
2.30419160208157
2.26195331129231
2.20456872507675
2.23927869326544
2.20614507780042
2.36710646059271
2.32207713938638
2.33836482831773
2.32881704499919
2.26880765506719
2.29489755551318
2.25952739427529
2.22657426457111
2.22719593892782
2.22036338484624
2.27984717216748
2.23639794899541
2.18083588127037
2.21051170808173
2.26231781937652
2.23044646629829
2.17917615008775
2.16396111202837
2.11540725586525
2.06766376526319
2.05081844522192
2.00647393525955
1.99915683534666
2.07587284428524
2.03484556445355
2.46784409210356
2.4005161279236
2.343652910635
2.28232781726484
2.24333496086595
2.23289645861079
2.20256854099946
2.21110432004628
2.21526360753785
2.16421475865607
2.30153013634972
2.24129303991131
2.20714227366687
2.1533118897119
2.18557695517606
2.15001768411104
2.09888623425561
2.33844195054584
2.28347103554477
2.23629530750735
2.20559584243795
2.15636844095963
2.10442466472965
2.08126733688117
2.03777673435713
2.27092237419766
2.21407320284476
2.26902365065118
2.28143194281547
2.2245143926702
2.24831540389101
2.23440857078713
2.19377064957036
2.18149312346126
2.13266233778973
2.11604396708764
2.08618595647676
2.05204738537005
2.05396257055028
2.02395245589376
2.01574478304205
2.05202214530949
2.00552955399107
1.96214382517607
2.15797341867168
2.15900782638609
2.28507385540557
2.22641357170121
2.24947487055426
2.21990989335055
2.20780889822001
2.17620845889587
2.21944699324047
2.16874432394952
2.13651660392354
2.16659216979691
2.11881077032855
2.06764793892225
2.33801149341445
2.30074975328816
2.24950348910113
2.20008012116947
2.21860538584151
2.28957488420717
2.23599453446411
2.35950853938383
2.30398930377009
2.30045648861302
2.28323231263929
2.2270954833349
2.27713685213224
2.2806611843616
2.22142472371149
2.17780907592342
2.21858720127361
2.20304713188242
2.14914704986125
2.37264404536276
2.31407997301086
2.34459975487278
2.36718976710698
2.40290314227588
2.5112265915553
2.46583969539337
2.4913287234785
2.42178037825246
2.35600169879373
2.3249372283666
2.36096348955129
2.30109827616889
2.24037453148323
2.19368394316691
2.24835580066567
2.20645168668584
2.18124398407672
2.14528210961405
2.09239471966905
2.09327666253711
2.13881190784262
2.1684766904801
2.23168769224092
2.20005778442888
2.44223651052759
2.44184669735391
2.41237094655526
2.68607022142468
2.60458891287675
2.70597534464634
2.62491413163987
2.57607868210629
2.85183284324305
2.77066338770055
3.38597743963097
3.31046443983933
3.28631171739673
3.25587548534519
3.41998251521456
3.38981014518818
3.36795096075535
3.28462249667891
3.17139486699135
3.50042714057923
3.42773371501089
3.43291027319054
3.35114106934743
3.42730964497373
3.47116318880294
3.65153953316765
3.53804699613398
3.43505627381674
3.35272903715694
3.42807775403729
3.34730171759672
3.31724338411088
3.25889190644853
3.17584305429767
3.350294649887
4.16284088542912
4.01080440818054
4.04697888319734
3.90261745404922
3.76615956107211
3.95072174617726
3.879788221613
4.17304543052197
4.01845667773565
4.00610798110479
4.00233078538629
3.88500246602216
3.79147979957811
3.68846199306016
3.56224678953381
3.70756489415718
3.81308919070681
4.47263333405089
4.33892246437248
4.19041289890165
4.03464298133949
4.7084202581071
4.69266817021258
4.67987931056846
4.69765132433303
4.60963967461136
4.52055112112438
4.46744702184513
4.53432943651167
4.3778616228082
4.21452735427652
4.12184761013914
4.06611013007928
3.97192992366414
3.83431556752288
3.69993216962248
3.65984458643507
3.72729694771628
3.67568603477355
3.64513651119627
3.51555264877032
3.41898295661494
3.36689338165034
3.25012881899415
3.31977085880737
3.26300822557245
3.15592135760988
3.04158129108879
3.4970380613906
3.3869266754439
3.28684279500479
3.17701593248866
3.1196692449779
3.09678645007949
2.99366278473335
3.28653591566768
3.20997400669465
3.22930261568179
3.22742470278332
3.12042950371757
3.01779542202469
3.20353609167254
3.16064090286129
3.20535120251621
3.10782047286028
3.04648438924833
2.9860327994323
2.9469627195598
2.8978453444457
2.93040876434726
2.88259553956351
2.78302097771945
2.71540796493414
2.84716719002262
2.75526668451851
2.74155956757931
2.66794078905223
2.65621212132658
2.74980594805353
2.67153714940683
2.59006355628392
2.51980577512397
2.58571880362545
2.62410628738579
2.58767834314139
2.70662131755501
2.64869624943983
2.58968862152951
2.62291942248173
2.54438199781689
2.50559192161004
2.44776492629029
2.54819033121154
2.8642590390327
2.78779353546131
2.73315346314208
2.67140528878419
2.58920930580068
2.5468695254593
2.79807351978231
2.78739693473255
2.8194241961997
2.76441687393745
2.75659683249797
2.68193124089669
2.60793773593359
2.58944808539464
2.53723758183567
2.48454984395942
2.47455724350108
2.41131570570334
2.41658712729196
2.35608175098023
2.50037071306472
2.5168482518431
2.45038817092523
2.43014678854427
2.43665614680059
2.37605863169387
2.34156472105004
2.51905533053627
2.77807606141053
2.73435088373521
2.71537744669749
2.72876103836708
2.90798765942254
2.82445963293695
2.76430682140388
2.77651220679509
2.71655693085526
2.7390255492349
2.66401635559933
2.6077011101695
2.66410381951328
2.66983424620668
2.60851193184976
2.5496833167837
2.51717617801836
2.47164173690014
2.40678599335867
2.41740979465123
2.38685534647374
2.34515470013923
2.31434566578197
2.29491374350016
2.39284503488092
2.33853344509232
2.3737317820896
2.37204863720312
2.31603356685262
2.29438618316753
2.29162383089638
2.23976620903829
2.29537532427269
2.27168419964445
2.21883533442505
2.1842479318359
2.20965964777077
2.3841567776062
2.37949214837386
2.33394763699279
2.34878857606277
2.29131179891772
2.23764542531683
2.18644604015592
2.16844432043924
2.11668779898187
2.20027771470141
2.47225401384389
2.40750478089204
2.43393136252118
2.38302853899088
2.32341961728717
2.29285296858849
2.34559078553447
2.30205435869363
2.26588475621058
2.21185767906478
2.21809768187141
2.27308065908692
2.2256647227977
2.17364532047736
2.1802617288479
2.23836605255452
2.2691578109902
2.21232210373916
2.21849756522889
2.22879377511093
2.19040287175121
2.13921385498127
2.17345202022667
2.13501961693205
2.18316929131852
2.13224607050827
2.13031859423671
2.1057403057987
2.05590468210641
2.01000467773558
1.97584297819597
1.94871071442227
1.90597625495037
1.87872483090733
1.93712851223003
2.12444160401744
2.07813597102346
2.02972202566244
1.99343742183782
1.94912791362024
1.92178585608675
1.88042558905325
1.87044907823348
1.8658633893987
1.83554865188945
1.91472727665854
1.89279095909793
1.85516477214565
1.85081450807875
1.95685437554841
1.92569051254152
2.17983735411736
3.42430192721077
3.31885496766623
3.29165904304035
4.1636463076396
4.09929500314159
4.01336628964789
3.87054026070764
3.73569345821241
3.78195164341062
3.65327244237254
3.61257088175189
3.49454828628205
3.43485029799852
3.32165728347301
3.40036287351581
3.3018199865311
3.19681234628382
3.10513529448394
3.10953168646771
3.38422052917836
3.34582417665627
3.23664661422555
3.13260482764176
3.03242193878071
2.9375456551002
2.85834839332288
2.77028102740141
2.79473594933378
2.71361372309987
2.63230886775144
2.92736514058351
2.83600956981043
2.75029513166788
2.73206210691337
2.67196633383787
2.89116316475842
2.98899988202524
2.93540548112783
2.89042097059646
2.80481621340723
3.38599767640462
3.2806866865613
3.41031863221009
3.35762138828625
3.24577535894366
3.95753173857862
4.18781814381774
4.39182236731052
4.43882478310065
4.2765341818955
4.12036849026391
3.97298655450544
3.88754400305181
3.95320153892144
3.9464717532024
3.8825357408888
4.06610584487853
3.92200662526951
4.07782331386184
3.96889357596289
3.8272984980277
3.69381812229954
3.58022837039074
3.46592960398481
3.34723113345994
3.24188883435944
3.14488022501288
3.04244747039324
2.94347327765653
3.14777802778558
3.45855189563192
3.72273721068113
3.59358862465379
3.56998876279557
3.62726142335748
3.63976566111232
3.54469641830867
3.48700026459038
3.43714321051632
3.34334429647469
3.23092283774546
3.23374082744592
3.16659454447315
3.28628165669145
3.26066439456911
3.16057104295699
3.10483306199884
3.00473846420373
3.07174115347719
3.18174005570903
3.27422251620291
3.1927450333684
3.22645401566637
3.18500490171156
3.10867693840466
3.03332898280728
2.95729175745777
2.92749271147639
2.88766792264695
2.84316558318827
2.75721548872122
2.71286430322896
2.64249629979033
2.72533003168271
2.6692480529645
2.8118755717929
2.76166475881512
2.8380837730268
2.75445509247872
2.67233163551961
2.66199303407332
2.696481156734
2.89784774595565
2.84112410658299
2.75592534187241
2.72850328882463
2.70248144459797
2.68840445321835
2.94134680088782
2.86686172604532
2.96332025447836
3.09308911345519
3.02961363080557
3.04748243660504
3.0939430493452
3.03241170179548
3.49268358159466
3.38061387678181
3.26971628911257
3.28103696031934
3.29861024899285
3.21977539324995
3.15401012379358
3.21815398978516
3.35135280334675
3.61250800665765
3.52274331944112
3.47372347418646
3.44274116379981
3.3399801517519
3.2311398821334
3.20767366893694
3.11244844873398
3.02069866759759
3.0124684723154
3.04121086539756
2.95317200921378
2.91986150723249
2.86603007316508
2.79532195681564
2.71182144546543
2.79756578750326
2.71609254965933
2.66055054008844
3.60663790616171
3.48808712944415
3.63622123927445
3.67415339073628
3.56311857358161
3.445448171771
3.40645331816093
3.29700326903484
3.19113481150444
3.42738733142681
3.3583793994125
3.26216261279966
3.16395280701168
3.06440466694711
2.9722919730562
2.90979062449478
3.06159441861224
2.97571554801431
3.00419000764375
2.91543475590506
2.84588712421594
2.80388657148154
3.27888407670292
3.19847739001718
3.13881203351323
3.09103302410327
2.99439103680665
3.50655150805432
3.3930254898567
3.28352087245892
3.18573043932731
3.2140953050167
3.1226355992269
3.02470535781129
2.93226384461081
2.85618532910564
2.78639462547593
2.7035014383613
2.7051958360458
2.64215846630637
2.68889097094162
2.62169063501321
2.56815923756167
2.52534809111782
3.05922511473175
2.96593844355221
3.02544753572588
2.95818110882053
3.02087177521569
2.92742830590497
2.8945883459053
2.81738634281217
3.01181300752851
2.97568826837831
2.88705979326677
2.82081511015548
2.73752548530442
2.67098820391314
2.59443240357858
2.57598242745125
2.64238762735472
2.71287294817053
2.75315693058602
2.69547884462331
2.65786703474483
2.59296307012734
2.52460199859687
2.46668843517214
2.4557925612206
2.52747929960692
2.45800804308004
2.39153269871506
2.42797327059169
2.39871387646214
2.61751200725742
2.54391081084632
2.68246326316601
2.60544447186491
2.53841381087805
2.48904782163234
2.42899340910974
2.36721850960538
2.49229239105866
2.42737493258739
2.42737905424529
2.38458190780994
2.3468553127888
2.28599435258211
2.25950398459212
2.20321335144436
2.19718366347422
2.14715652738711
2.1260554734893
2.17916553121538
2.1281591683935
2.38300613973384
2.41885462068412
2.3700098938658
2.31926447283724
2.46851652477896
2.43330483649969
2.39202130412027
2.33260862300252
2.38508095499148
2.33760637211747
2.58522923786699
2.90043580843282
2.87066227208846
2.8155733675257
2.74663609498774
3.98386234888029
3.88010439841389
3.90222600987263
3.90574361814094
3.77868863881198
3.6535249173182
3.55817480439633
3.82908116774582
3.72905461877927
3.64311019556844
3.52618615687649
3.61931265565436
3.51509006726623
3.43607469440605
3.36930898326892
3.4879911138303
3.51314451108418
3.41311711801827
3.32493718675884
3.21976685350253
3.15582997552177
3.2764637931782
3.24418126876247
3.15627724555093
3.25681633397061
3.18753408011372
3.43514088434357
3.32647812937632
3.22976464813562
3.18792569787494
3.10962823612649
3.41392331145721
3.33793421546031
3.26448489646439
3.24776863297987
3.15184623212691
3.06086696547341
3.12409600232593
3.62457851896552
3.50715942707985
3.4995598542713
3.38819576214409
3.34643420885278
3.42821750622648
3.40881222531425
3.34751697241776
3.24237119202081
4.21101276404385
4.11048395827094
3.97086561090051
3.83987427755593
3.96960892016904
4.04238728559865
3.93594990472173
3.98907907772386
3.86858786812406
3.74249328247855
3.62225614429715
3.60018573005704
3.51431178933658
3.6122503622607
3.5053920401739
3.40657051014697
3.32546906435764
3.24467106447586
3.14621724193863
3.2719901425055
3.30873102812618
3.22756912095565
3.13387612621907
3.1904007607086
3.0972370142716
3.07800837708898
2.98726577281632
2.90216787813162
2.94215376616887
2.96036608975284
2.89729284159997
2.82082725484962
2.80474417962368
2.7326845180147
2.65738616098993
3.55156580631458
3.44593819745876
3.35082364599224
3.25219157071147
3.21343028941197
3.20627048077418
3.12213917614432
3.03292131053584
2.95557120956822
2.94063155545029
2.92507935002416
2.90978341246148
2.89658603188746
2.83415546781159
2.77119889372971
2.82321310852232
2.76412997389288
2.76294713513523
2.7121967715007
2.74751446670504
2.70887950196916
2.71217678145382
2.65504477351877
2.59333908742306
2.53204649957255
2.48969589291648
2.50643422582892
2.44664232588341
2.38511936558718
2.37574609053806
2.62240440777371
2.55821275947885
2.53534926172142
2.52077432132139
2.46444131205199
2.49671811592302
2.44658345235866
2.40583719787158
2.34672340472188
2.34201036325044
2.29136054012609
2.25704565201912
2.21242281418908
2.21106945404168
2.18105891898802
2.14075337929425
2.23150415512471
2.31211599447529
2.27709430920518
2.26882973137095
2.2223079970108
2.18436079717083
2.15769647819506
2.19047960237838
2.25025671116484
2.23142624123996
2.23692324089244
2.27518184065312
2.25151474652341
2.26213536551646
2.38986835665556
2.35353751363969
2.29773160834248
2.31107727682143
2.32656531560546
2.41072734086008
2.35310714769354
2.30396117445743
2.28173367212339
2.22741267909867
2.2859898905429
2.31421970163341
2.32016756584861
2.26595205064842
2.21703346371338
2.21903584794535
2.17345251297797
2.12489321335759
2.07969371994309
2.03762548649508
2.05221294664653
2.02971983197482
2.22590541164919
2.17685511725972
2.43817514277842
2.37708035692725
2.32117468948668
2.2650683817358
2.23109635044834
2.32782203331408
2.27408135356819
2.23336578948302
2.18978618908623
2.14083411318619
2.20449277545376
2.15403639247841
2.30583832926665
2.28078501271392
2.23447312283112
2.24822981106629
2.40826467552639
2.39317719455971
2.34400507067137
2.29145517597976
2.26108681837103
2.27654935539357
2.22792870279423
2.18478648779717
2.21844528460617
2.25287681505148
2.22781817601879
2.18164017321136
2.16299871830558
2.12550699482193
2.43084301977053
2.37583949345469
2.31847294975242
2.26515178464926
2.22411623824697
2.18468157528076
2.14381958422939
2.16163212053796
2.28373784440085
2.22987451097761
2.18781636221335
2.1483443991338
2.13555466604329
2.11118912898747
2.08499814487316
2.11600987783812
2.0760754625386
2.03374104271715
1.99802753807055
2.01259568055298
1.98722512242573
1.97098265005224
1.93811987140213
2.0695864795634
2.04325750372483
1.99948397878192
2.11318534161675
2.07540563663555
2.0354666807569
2.13387685799334
2.13781994883384
2.13547002994513
2.14094647496958
2.09605673804224
2.08210859198259
2.24636058377637
2.19835048402021
2.15994011357877
2.42930989781918
2.36826606516377
2.33412196820267
2.27694787681088
2.26983636064771
2.24618786301503
2.19466979672213
2.27049776278963
2.22626753658972
2.20553437373239
2.15833128044505
2.16963229696923
2.13837644331638
2.1451888742992
2.09719075103016
2.20984727751774
2.16310944094355
2.15848342393807
2.11284029475989
2.24896447192573
2.19996156703785
2.17915307595653
2.22253093872589
2.17466622606948
2.17347463579018
2.14019025103969
2.4042990048585
2.92860505798929
2.88628258679436
2.80519550223591
2.75012122457136
2.70699329217266
2.89482396187122
2.82070957997774
2.74974761964187
2.68357674863869
2.6157223698646
2.57202057894286
2.55765975980849
2.50003213770251
2.4468553442852
2.4093081400674
2.37918761916892
2.33585869624136
2.31479893560882
2.25934492616031
2.55249292831761
2.64450210381275
2.84684486392696
2.90121342721695
3.04926104391408
2.97417125340667
2.94940260327301
2.92952484212125
2.84714060941276
3.07708102921187
2.98808892379959
2.94396920609996
3.14263854425551
3.06155793398165
2.98338843738831
2.9734855027503
3.11835936069707
3.05388921026136
3.0111084115511
2.94885631474172
2.93117586952194
2.84805895726231
2.77651494370722
2.82969978650939
3.15946739399322
