-0.0846838238732718
-0.0231564807099445
-0.108918641197931
-0.00126599176086962
0.0167853966767985
-0.00249780950764458
0.0587169909382433
-0.137449581064484
-0.110279751660135
0.0387395340413365
-0.00905227316562408
0.00115067281957408
0.0450458803914923
0.0714207661242417
-0.0640407133773958
-0.208402360569826
0.0413764433114333
0.0662124933007554
-0.083357629145566
-0.0651867430648651
-0.0949457084572544
0.0947040892852804
-0.0267152864061774
-0.0653582341909536
-0.195613541316499
-0.00459001313238922
0.147722884429359
0.0283881796265529
0.0743912153799905
-0.0036753669517009
0.0157504222195646
-0.244891003372945
0.0515372713820393
0.0194410216475246
0.311225051820999
-0.0188802373709424
0.0325104583964483
0.10050077574325
-0.0644320947284497
-0.00522588556693418
0.0805067631661161
-0.0180803137974624
-0.107894683675541
-0.0481939406966955
0.148079685606392
-0.135170479219517
-0.0372597700112169
-0.105814504308255
0.0079132102232103
-0.0733702203817981
0.0276113222819317
0.00418109008907801
0.0691248070238131
0.0307918374783564
0.133978038716351
0.0428305812190683
-0.00777527446389528
-0.00628135752311437
-0.00305116229079159
0.185051974673267
-0.00411825467487257
0.0252103414179204
0.0792668528109884
-0.0637108082614752
-0.0429305924200983
0.0868899691432283
-0.160655177147239
-0.0342859762013533
-0.0649545918779468
0.0908508267867227
0.112951994447618
0.0305001772844132
0.0989203285527066
-0.0735397878131742
0.139639962387924
0.0129031793883319
-0.0201194946022219
-0.0942854313523015
-0.0445574360789379
-0.00325393886967613
0.0799846694328529
-0.145297481398834
0.0955483310434235
-0.0286935517845432
0.0773754066254545
-0.0383732437919373
-0.03614445568706
-0.00308795138595684
0.0569018313690775
-0.213514646169944
0.0308142148299708
0.134265245304722
-0.0747160644433246
0.0557244755661392
0.0665717218133555
0.109150588771035
0.113486052697185
0.0320626603772537
-0.0183375019507257
0.0713157146136777
0.0484289715276419
0.032956832562212
-0.00141985956066969
0.0877957889979365
-0.0673971609093634
0.08387649245525
-0.103568024292706
0.0287526042902921
-0.073958147129533
-0.0954402065044829
0.0605882131300765
-0.116501336106383
0.0240064869480666
-0.0184785757970032
-0.102070579786842
0.0735763264404755
-0.0355807352857518
-0.025628072421854
-0.0378943866967965
-0.0602710885477153
0.0476152554777567
0.00282668690905311
-0.0968852199289235
-0.0141781074250646
0.133680519288378
0.0599633269732369
-0.0865344206921349
0.0330620136494254
0.0273168038561819
-0.0762405878486724
-0.03618729700467
-0.0603376355071019
0.00293713621507343
0.0478157426366462
0.0027799671351967
0.0487301859084332
0.10771152563816
0.136374450983873
0.00409147341058158
0.000106985548286005
-0.0991377791393228
0.0422402878550258
-0.0486371668249293
0.0885483683949935
0.0595691902979263
-0.000714277829984103
-0.135534869144862
-0.0872191851022076
0.0507168086618528
-0.038391127055422
-0.0471002131860249
-0.0356464777289775
0.0443020218898003
0.034021478562689
0.0256265913365717
0.00580947442142175
0.113378179187462
0.102992115443281
-0.0309922868613832
-0.000530307736612178
-0.0711013555291541
0.162966087943643
0.0852122468112143
-0.132329434835489
0.0504278388720063
0.0833090658065716
0.0839744147630141
-0.0177951110011711
-0.0298116697210041
-0.0162454256967923
-0.0372248256628214
-0.00666666004077569
-0.0372792222420592
0.0711097455009728
-0.0337466567202141
-0.0504057609064022
0.0620173843604468
0.0820783038925458
-0.125007495055736
-0.0184887516118261
-0.0589523082933859
-0.00777663746347926
-0.0157038523893811
-0.0653660686383556
0.017220107118804
-0.0428573915806219
-0.0145148386900153
0.0339927397400006
0.0381882269444342
-0.154655755258541
0.0437547676011076
-0.0939848293488387
0.0217136873417274
-0.0707486320579505
-0.04133698737316
0.0769733895431693
0.0893454782425571
0.0155513261203513
0.0553875767606546
-0.1637728674436
0.0630927382458
-0.0154933695207199
0.0676102102304507
0.0246979810561502
0.010088371766492
0.0493506482519441
0.00712735516193919
0.20031949345633
0.0217506948564812
-0.0638169631087205
0.0370424685899467
0.0201306091824979
0.0254394190057634
0.093143079621298
0.209126980800799
-0.0312837411086768
-0.18322346610539
-0.0639093760156983
0.0551353792989821
-0.030875841008101
0.0684575072922063
0.0199414842347996
-0.0698468002030489
-0.188106326331977
-0.00891790177281893
-0.315604260811751
0.283886780132434
-0.126479056571613
-0.354796182971108
0.44324560148574
0.0776925146811208
0.0533788359204979
-0.347678543707778
0.296505196955932
0.104253356318532
0.154703118506393
0.198667981619948
-0.184096024577563
0.0250522325316412
-0.305872186973384
0.0309012095640799
0.0242591729132984
-0.233811140016441
-0.384713162205068
0.0819000983019603
-0.0225931963472247
0.508609330659601
0.285493698218983
0.212710956765067
0.305667150997236
-0.0619051117786679
0.121552875347227
-0.126520357156639
0.144761631518607
-0.0994472318323859
0.0577120536946605
-0.0075390878032272
0.0595943641606214
0.117285421533801
0.105828770754775
-0.0121054668575966
-0.0653979188424838
0.0876615067461722
0.00150871491578825
0.119376766547343
0.0709408521134955
0.0548917098063855
-0.089527490382194
0.0323945153346657
-0.123100275546644
0.105728904364015
0.119374170996782
0.101751162800781
-0.0500966706000299
-0.0621017756037686
0.0499638147932778
-0.00395800611091868
-0.0200486360298241
-0.0140236021378587
-0.0263497582980984
0.0569885180235145
0.075841814963923
0.0222378305346404
0.056518870052345
-0.138374910566485
0.0288771728041412
0.0631187539972422
-0.00376995583248931
0.0355385247615038
0.0476204317829457
0.072841222047
-0.0894136149495975
0.000788588312395481
0.0415702902301302
0.10319304138343
0.062950450806707
0.0147166064049506
-0.0598789330661361
0.0725955692148681
0.157275709324779
0.0575684199354659
0.101594260258836
0.0840300808272932
0.0150037869255451
-0.059211407646873
0.0672402711077632
-0.0234827293185291
-0.0431329370085229
0.0855949184788719
0.114463659444571
-0.0200374366314292
0.0186432673795103
-0.0617564728551042
-0.0695030722430213
0.0698172812165776
0.0335547609256521
-0.0372934214925012
0.00811190545424675
0.0112800891267909
-0.025013579471253
0.0140354768828752
0.0690252664951373
0.107191949471176
0.035982815336541
-0.171856658562325
0.0383023304780096
0.0442310829126021
0.0194166621215751
0.0605654860415842
0.0799110097890614
0.0619599549435535
0.0876785160698131
-0.0509398608120814
0.00696123218627433
0.143631179688361
0.00956918084157896
-0.0224592258318465
0.021528180645615
0.0929517097959191
-0.023448199030357
0.0153064952358233
0.160703616244499
0.0315511746123316
0.0428324462434274
0.0559131013288435
-0.012587322822414
0.00766135386751873
0.0535527419404779
-0.0110928560292464
0.158491948669449
0.010195609447837
0.102158996714786
0.0777895088359745
0.013555091531667
-0.0762218912939056
0.0651305778178343
0.0354965698596237
-0.0538076172649241
0.025976717269974
-0.0469297578718752
0.0474635320877382
-0.0278503540758322
-0.0522979882028275
-0.0253671114111101
0.0615259772654661
-0.0714810766683323
0.00725187667646978
0.00112609513557811
0.139176876896028
-0.0608238063069678
0.131653946568585
-0.00879266240585384
-0.0731486530777539
0.0601763652994161
-0.0545846978621242
0.0561970013064639
-0.0835868872802508
0.0351540705697491
-0.034994728447312
-0.0731953510966121
-0.00958188208407986
0.0107977812528298
0.174556662354304
0.0495693532886765
0.0347933549974866
0.0308407123227164
-0.0754403209813266
-0.0944551478453102
0.0374602474199852
0.133457923658092
-0.0251733373229395
-0.0617324140549989
-0.0496373934878823
-0.00581287166620055
0.106144381888538
0.0793956915867347
-0.00207739105804206
0.0431870614681433
-0.0777462264482091
-0.0417527190720203
0.00188892890715922
-0.135645421411476
0.0437940516615499
0.0996063420629444
0.0933403814855229
-0.0828964468920585
0.140113591444332
-0.042257427153002
0.10490979862579
0.0202100854378079
-0.00223480089973413
-0.0403093519067364
0.102554404607495
0.025696591911778
0.0142817149170681
0.0397810808288557
0.100774959768992
-0.0283355956099609
0.0592973224417534
0.0444451101508667
0.00619315965666993
0.0673705526204714
-0.0787287970713781
-0.0674490946491116
-0.0820260541489352
-0.0318900559574482
-0.135331570401709
-0.0569517385943728
-0.0414043902111446
-0.149893600082807
0.00594314446362115
0.132168673196108
0.0186833106465042
0.0612787556336521
0.179204669658702
-0.0260287177376999
-0.242217173428142
0.0893691652563939
-0.0876846545613355
-0.0755081813734437
0.183602585291997
0.102378567463899
-0.0920741036930489
-0.0446614138436072
0.0115782912605299
0.223909596658409
0.075889741778783
0.12076455031186
0.0664826529727837
0.143426434412298
-0.127857168024964
0.19764452888823
-0.0457930188437727
-0.044824298582437
0.0741357780562089
-0.151603509018838
0.0777451345021974
0.0994887612136849
-0.0725367927227028
0.0656243606232782
0.182781203166798
0.329956170469125
-0.024378062504577
0.153452918771125
0.00172333918915834
0.0262395740914338
-0.197638551716424
0.105384733888788
0.231548491007983
0.000612582322307755
-0.128947095065033
0.14064311438755
-0.0644620078547346
0.0794227285460748
-0.0642459762146988
-0.0212400786171389
0.177034565554886
-0.172229023962127
-0.294571389067162
0.0779174065498392
0.0365465495271762
0.00487887467803983
0.320481383377392
-0.15672988402777
0.160910565254004
-0.170165124448112
0.123533096035524
-0.111885152275847
0.136655747880024
0.182603879021793
0.035286573518905
0.0134540080341333
-0.0947887481942083
0.116307348720431
0.079894539441655
0.0261244337379089
-0.0253774849944955
-0.105963028209935
-0.150042680431284
0.103905723889827
-0.115280962585625
-0.000845288715221961
0.0548761357471479
-0.0912345541609838
-0.00514888554681663
-0.141398832160694
0.0852485495448449
-0.030689314814173
0.00641711525202722
0.251293050778383
-0.056756405359402
0.0421950437392768
-0.0257276777395295
-0.0814269677951699
-0.0982991382033936
-0.00235350087479557
0.204421988111144
-0.0792522121677827
-0.125099983432164
0.112643268956377
0.00330332760912143
0.00910920949865267
-0.186915506660031
-0.0880594940901963
0.130247864271989
0.0289319141598625
0.0625020027250509
-0.076570761119581
0.0757276740811578
0.0605980856101428
0.102916580760946
-0.0819728365664105
-0.00391290327897993
0.0377985047117677
-0.156029607484962
-0.00827978698106976
0.0764970726145413
-0.0498376437827077
0.0749808758055538
0.117159091834081
0.0135847038667057
-0.0103131869758327
-0.0370992588695542
-0.120384936922398
-0.105917102525756
0.0608669299024253
0.127581702425225
-0.0621898192295229
-0.0476938012696107
0.100505737169336
-0.0066716001333951
0.0550407574902835
-0.047321928541094
-0.134431551057008
-0.197574858709309
-0.0328588976526757
-0.055602504524549
0.0556874708806763
0.0100605069034634
0.072292697041573
-0.218170470742378
0.116184732124203
-0.15663772110783
-0.0576156470119817
-0.103655737561931
-0.00897314917868058
0.0113111946073323
0.091031153714577
0.0502349240141651
-0.0457686803312622
0.0973117123426065
0.00454718736183382
0.107654440400043
0.018033372900283
0.183489607363617
0.110697026796074
-0.00761379852146964
-0.0765322758425021
0.111567174414674
0.0183527844372103
0.0642174029918834
-0.185848543101276
-0.209976015605657
-0.0578582190024826
0.106720431217192
0.121654888968963
-0.203608967623062
0.00173313626047924
0.0677546844371607
0.126947191164387
-0.0519480231590407
0.135746811952395
0.0173878774227597
-0.0463509305355241
-0.132727431075491
0.124725459424022
-0.0448507254166887
-0.0361800002110114
0.081104101062257
-0.055478397976067
0.00546801373044061
0.108147440916785
0.0679229850622186
0.0538284201557381
-0.0611064720367874
-0.0595045664832273
-0.128280445472996
0.0417615542119451
-0.10226389640187
0.0995453650806773
-0.0169990398698355
0.0739039154297875
-0.0798288941796237
-0.0153272404900869
0.123594519558856
0.0637924290479087
-0.017819304745024
-0.0455902202903174
-0.0914828948271716
0.181326012064595
0.0822472610514206
-0.0474073342840086
-0.0939867593920012
0.0244220050611219
-0.019003021407243
0.0260105036206238
-0.0609691534874094
0.00217070614860088
-0.121673936954568
0.22271183244131
-0.0196382408527886
0.117451482594208
0.0399521649822889
-0.0183431257761222
-0.0606917918340408
0.129508461772702
0.043669931809079
-0.0572487324104724
-0.00960028637961468
0.0955221135770138
-0.12658037154525
0.0474737907725671
-0.0174141795312893
0.0918865751593882
-0.125981837142965
0.120596911467725
0.00271462893221746
-0.0886783365565259
0.104020241014132
-0.0494602785093273
-0.0118385780169544
-0.101628818384379
0.0570538867649881
0.120445093602891
0.0192206025504729
0.0855753869268835
0.0589648520162877
-0.0044779068456115
0.0178792974272269
-0.0349559596982974
0.0528395463506341
0.00630810216424936
-0.0360953676526331
0.116470265766807
0.168976068815404
-0.0320184092489444
0.00430321620707553
-0.0341662591595835
-0.0039179054480904
-0.0398645025339874
-0.00321269831632782
-0.0546544963375085
0.0710873888975129
-0.0324188413931315
0.120785724171087
0.0448210612267357
-0.0200611718929985
-0.0603732472537255
0.134060971554457
0.0327247358050253
0.190267247500963
0.431164685535503
-0.0643193531321962
0.12065414572241
-0.460118567591737
-0.119065446283633
0.12700425918345
0.00706314020050006
-0.0172383028212868
-0.193791330062624
-0.0108399257970111
0.136794915580877
-0.0358437958352681
0.112241454764402
0.00889861633750393
-0.189820127206978
-0.0400356472665799
0.0300513128501013
0.0481339887850315
0.137565183257993
0.257899773982555
-0.129029081726164
0.0205847514112263
-0.00978702292868658
0.00173139115025762
-0.00977297425528299
-0.0423962907836019
0.00978546515969148
0.131080520812889
-0.0299724300472107
-0.00824611877418762
0.241139890524454
-0.00692265182781893
0.015764834611236
0.095634954910685
0.0475676019178141
0.199668037245409
0.151969715383903
0.065358338320117
0.0724340285489141
-0.0354166170359485
-0.325411219830551
0.0453059876342695
-0.210855301384353
-0.100013013570857
-0.0046768791507331
-0.394216345824246
-0.25533306973029
0.285482247279955
-0.235597646939526
0.000966321395487911
0.00619801456618543
0.0172427443184019
0.109601902558602
-0.216490575340843
-0.158957392333288
0.140426830267486
0.261511003283446
-0.0224510185079873
0.258221093379302
0.0800049833936369
-0.000385213767798875
0.0174453674509068
-0.0550640388763808
-0.040268471404392
-0.00204466406000054
-0.0380152635947809
-0.0428497504008797
-0.0174049028200566
0.0123872320083557
-0.212576527598847
0.279104776067647
0.250551129557203
-0.0271473787547308
0.134949603412016
-0.189760024641815
-0.152428523633218
0.0816079905729019
0.102644398541552
0.104180358697917
0.0558593895103531
-0.00355102073966884
0.133961786190299
-0.0917698071863502
0.19341588567802
0.099968242283697
-0.0471137200529322
0.0808039098812501
0.000145880282787149
0.143404839229264
-0.198716276159739
0.18011117605248
-0.0866658146896023
0.146631763637564
0.0882462162895338
-0.0811979186687334
-0.0712765710575936
-0.0656173643712694
-0.108811508874715
-0.0958941250060117
-0.0869712307433176
-0.00166455340185642
-0.0788953315612294
-0.0442498457504007
-0.152428024319543
0.0548856213442922
0.165064531418092
-0.0889539488759748
0.147768077374304
-0.0396370992728381
-0.0111178078188549
-0.109710643752253
-0.134168609928246
-0.205520253130469
0.0742409796690466
0.00136853893257312
-0.0954730018750716
0.0891412332392621
0.0876533897143068
-0.231085832074064
0.0549546283398145
0.161679903681476
-0.202187250779529
-0.0698412810216434
0.13618383960321
0.142576090237564
-0.086913449772564
-0.305079074418245
0.0374342617432096
0.00171938180129092
-0.141808982598868
0.152479000106996
0.0620891438283021
0.0742726103667304
-0.171162151821248
-0.192761689300202
0.269013982785211
-0.0903492645034352
-0.108859677528774
0.130701767106941
-0.0503140210039192
0.00683388010634083
-0.120260255327093
-0.0301733916240107
0.035170163249664
0.11748802315747
0.135479130896779
-0.0415937950023407
0.0959214459338828
-0.083284160255935
-0.0501579071383072
0.0118391321483883
0.154052411484893
-0.0307061528628579
0.0568101207814067
-0.428354994242713
-0.00190208475310771
-0.228451856756308
-0.167411078176068
-0.0416088064749903
0.0128023755653525
-0.116082753442981
-0.0117302339366304
0.0125481525415716
-0.24332650747606
0.101907140132397
-0.0484325398816753
-0.0315462146724583
0.0159504759085264
0.0256885898724232
-0.0696680033724115
-0.194561087833167
-0.0301112735634201
0.14321158466581
-0.0321352236754752
0.0576733030251812
-0.0832666374019124
-0.296224533747176
0.0826292946563776
-0.085282713433512
-0.0846905491414118
0.00561135082514296
0.331167551761906
-0.0320077050531574
0.0154628441887529
-0.0357143329848684
0.153736978875157
-0.0511857868311973
-0.00528304775148104
0.0151017214080141
-0.0475730244676429
0.0508410334960002
-0.0121815430015205
0.108476502865586
-0.0577527429699679
-0.133603256378686
0.0435399310524246
0.0513306427444758
0.0589397648207649
-0.31239845862142
-0.005499655847184
0.154596641078723
0.0541673777544664
-0.158188433274616
0.00613501394042591
0.0878119387517134
0.0321302405249237
0.199351877917345
0.0803600772287256
0.0113332725680686
-0.0602459149368327
-0.0119496716256982
-0.0468253472291957
-0.00674383035837861
-0.087703207825024
0.139227142196286
-0.154026163290774
-0.125906390970151
-0.0525840030386623
-0.0730449121611902
-0.0357442320456514
0.0262130438053309
0.03709645573566
-0.0883752224272581
0.140125660181018
-0.000642216398987307
-0.00084726246807103
0.113166361333715
0.061024905481315
-0.202632792355888
0.014825969086012
-0.174507287656996
0.0114694581366858
0.0319064079463324
-0.052868512142384
-0.0269595441449649
0.0226253052850931
-0.158654178330856
-0.00883205789263074
0.10073385101743
0.0564760039633909
-0.0545823836145015
0.00763976417194471
0.069915092892343
-0.00377044249097995
0.0837156382760074
-0.0189091193893899
-0.0537876551053328
-0.103572754336164
-0.00388146117965872
-0.187906886020763
-0.0957948861543056
0.0599662859219062
0.045286012618614
-0.158821526064346
0.0853132958277173
0.0661969305299433
-0.0115202631589214
0.135940417380824
0.0513531990925703
0.214171113060936
0.234814642123783
0.090326705788752
0.0707083561493463
-0.0404391966701399
-0.466783385028473
0.12251499574604
0.188147457204478
0.17251399003532
0.0464914490604877
0.0163060040839931
-0.0581931103271305
0.290857275053637
-0.0763391632727795
0.10402311158805
0.0329116397671888
-0.188222137040283
0.075574033151537
-0.0701840111291858
0.109326595462055
-0.200422392880809
-0.139345916343184
-0.0285266624625564
-0.0443818510519266
0.0170717674994479
-0.0632515142900222
-0.17448167674337
-0.0851321671504601
-0.0258974370735255
-0.159401343700431
0.0998831534276907
-0.228930062644144
0.0417450975778185
0.0564217974131567
-0.0818342760518177
-0.0347689634162235
0.319403188298939
0.0588257010622686
-0.0699364026859426
0.155354165943286
0.0409102581884247
0.0451027247084276
0.189473087076003
-0.366059699506726
0.0205821876273098
-0.144886130264292
0.0173475668037997
-0.106625144951233
-0.184354913450681
0.171900013821573
0.113509521957344
0.0169424687751099
0.54452968722674
0.0971256428306913
0.00310246857864433
-0.00519230815924068
0.270059740150831
-0.224541531082916
0.0825657583776483
-0.203688537252431
-0.0312717854131437
0.0113351884445097
0.020041016758513
0.154530011216836
-0.0749485602510611
0.233314971868825
-0.0417311251349193
-0.0368016261388912
-0.0575402543786961
-0.0522300945022594
0.00173120259217036
0.223672230826737
0.168631064381371
-0.0580537541009352
-0.0134392182961805
0.184019604165843
0.0297150250512909
-0.108082231281336
0.0117201672970358
-0.0148210869481767
0.15932257396342
0.138066688011455
0.0651377683077537
-0.0235966716890996
0.117804536110727
0.0375509468596957
0.00682345508100849
0.456196899141531
-0.0442354158090294
-0.0382512524563923
-0.0135615733461836
-0.108344815831666
-0.128541505987971
-0.0340503082332015
-0.00367733136804438
-0.0298879759480248
-0.105009658756723
0.122886516473768
-0.110335124897514
-0.0996433761684912
-0.0385501239993761
-0.0392099677938166
0.160362929338214
-0.0524040563545853
0.126491715255676
-0.0560658859769866
-0.121025678193606
-0.0587027955404035
0.12638444178831
-0.0441875336436894
-0.0228811669882758
0.0453363000788317
-0.0466014060230589
-0.0932242900139922
-0.00890429842421962
0.0134018076023104
0.0929747118356093
-0.19967065742841
0.0476672151611262
-0.0673840878950978
0.100729885572331
0.0420799129939208
0.125852210571329
-0.0360928411406907
-0.0386689951096229
0.0129927031357971
0.095605520970482
0.0352819318079299
-0.039246842519689
0.0477181989621812
0.0899142636261828
0.0583762759363998
0.0420095833486499
-0.120541077588233
-0.110008369815063
-0.031537970739676
0.0897042309620811
0.0386924701770479
-0.0271821463149889
0.0676934758786089
-0.0871795644097856
0.135991400295608
-0.0610879887722647
-0.0715370978633944
-0.0940331716239712
-0.0464162911830847
0.105023350358126
0.159820194906066
0.0580393105901337
0.0215452329562813
-0.0847697276821623
-0.0817428305460335
0.148419347167538
0.0214131142053764
0.040359373573155
-0.0604964849682445
0.00663267759592352
0.123823307736753
0.101939208508445
0.0875706869313546
0.0146525039189648
0.0256330951877913
-0.0776580040494483
0.033694532150328
-0.00685094537330158
-0.0103905119225843
0.0226680242904409
0.0807882792367688
0.0452501328098517
-0.170332286241703
0.0281557768663573
0.20159709970556
-0.018502617213637
0.0212488251127903
2.14316500789561e-05
-0.0485411130575323
-0.133275034186297
-0.00836814270401721
-0.0353380515497766
0.0396179820387272
0.0153409995847105
0.120387829361534
0.00388003647883878
0.161225709829084
-0.0679343152848689
0.0369344419454041
-0.0913536721196514
-0.156979620470316
0.0927574879793315
0.0405382016583935
-0.01997684150078
-0.0468152657240731
-0.0830425719568624
0.0373699473690002
0.0389158740565088
0.106098484174608
0.103498788091292
-0.0573389719204518
0.0341496703130743
-0.0559960553370389
0.0456209268187362
0.213282151473943
-0.0324215341476736
0.0157038288203844
0.0197855605747507
0.0411569900741383
-0.0369102315594535
-0.0274733665937083
-0.082923423025119
-0.134869570845736
0.0095766090424997
0.0393592464075751
0.0377870713003619
0.0673503576228855
-0.0539811772618551
0.053500753091804
-0.0983787895793704
0.0356270306408939
0.0178840026795036
-0.0276104610524893
0.0829582803609468
-0.0474602804099338
-0.0516711784137187
0.0316488945869467
-0.14477574496406
-0.0402069414266076
0.00291114378832659
0.140366542762533
-0.0394345273817123
0.0288658611699557
0.13554915588017
-0.0885230138594612
-0.0725087486281149
-0.0778014791633351
-0.0138497763766325
0.0673452161711905
-0.171812791694345
0.0356378101012559
0.0422270067653309
0.212015765242047
-0.0198764694723125
0.0567678512679902
-0.00132761540810658
-0.08493868224805
-0.0637775500288243
0.0137176632686261
0.131858615446361
0.0288719139156218
-0.0681410281173233
0.0234538732135279
0.0872789148699082
0.0418998640799203
-0.0919732669603021
-0.000834743071441525
-0.152436887405015
-0.0192449172789423
0.0758956962950517
-0.0282262573108865
0.159052214410543
-0.0365592540393592
-0.0711214279434012
-0.119252714093532
0.0195430877851289
0.0764004503164711
0.0364035980587221
0.206504223714495
-0.355744934920515
0.106830101751411
-0.00125643977464885
-0.074967543203863
-0.0850676168982908
-0.236420595435243
-0.0315728985458538
-0.0384667014535272
-0.041119593943142
-0.0248047965637593
0.0644463224490177
0.0943018275530712
0.0273542753765669
0.0352077483642379
-0.0767030571862602
0.0716946934507385
0.0405090109432978
0.0709944717318899
-0.00857450524025135
0.249536938504484
-0.207739681754011
-0.242892082703326
-0.166515409989086
0.227747189513968
-0.0659978956364585
0.108106235023283
0.101809368971498
-0.0246832420203529
0.250426140128366
-0.0282596477072521
-0.108343562583969
0.248883612424323
-0.0835693961423782
0.0395257532796497
0.115281260400824
-0.260889026006828
0.0803769678957939
0.0868138947551634
0.0579359857188361
-0.145436417344574
-0.0159823796110449
0.0286915771883903
-0.190784783199656
-0.316715964993183
