1.28576737075973
1.26781830276738
1.35017515693261
1.33532550708314
1.3245749736127
1.32331198911754
1.31967629445612
1.33054484735001
1.31030875611994
1.2951078348722
1.27561911683386
1.25853703380406
1.23937980964851
1.49406178656591
1.52030389990904
1.50452353096553
1.47762550502036
1.4561972696351
1.43051423943082
1.44970865766891
1.59709054872834
1.79156596192618
1.74715974450813
1.84148858279735
1.80217569737738
1.75863392060227
1.72161656916602
1.68221310663489
1.69506930032322
1.70485930831697
1.67722201607099
1.659412988206
1.65448854036047
1.79919991449824
1.82824716388989
1.80672613005289
1.7657306891996
1.73283261016477
1.70053295265969
1.66408111742327
1.63238575699419
1.62196473058356
1.61854661569607
1.58428393884229
1.55794377039861
1.53305537757576
1.50678783704774
1.48762262271288
1.57410021151753
1.54211269377629
1.51165019050309
1.48201448302034
1.46074426513203
1.54835972972397
1.51818237457218
1.57673085655979
1.56352640823059
1.53159296123379
1.50203559941652
1.48254251103973
1.47017934215854
1.44413496407275
1.42345356165965
1.39902229530939
1.38019619735161
1.36984922080282
1.34587311065396
1.32664525342579
1.30582165739331
1.55627834362932
1.62542415354505
1.60732184495922
1.57165733328237
1.53775701681621
1.52869749739917
1.50408983431781
1.49266470668278
1.48809999665958
1.48408803421426
1.45430407545614
1.46155734139424
1.43268602723291
1.40655990406411
1.46176960417505
1.49814873618346
1.47553912035881
1.44729080577953
1.42206380931976
1.39668021809639
1.39179116086401
1.36579103271341
1.38050673082224
1.35571164859394
1.42945589439383
1.40161717708626
1.39495388580466
1.37013898938154
1.41204016583868
1.4180975640805
1.46515410816244
1.45744501205261
1.43382945802575
1.45232149512598
1.45245477575861
1.45333304276929
1.4803354698875
1.44992551952876
1.42484523708732
1.39709711264618
1.37227308972512
1.34695673820094
1.32752353877266
1.43842518042392
1.45037278286769
1.43227021151776
1.42084681350715
1.40030659467209
1.45402290009354
1.43528292079966
1.45070336026369
1.46057544532641
1.43140051935846
1.40956066839514
1.42898023146939
1.41032377426356
1.42159336282205
1.41923808234505
1.51618629185451
1.48342683201761
1.46041516573666
1.43500317044576
1.47877941288668
1.48918795377356
1.51294565280331
1.54791619504343
1.59591824796073
1.59349022143417
1.56485683956659
1.53745736784177
1.50466269799509
1.47458176780393
1.45443076255809
1.4295993104785
1.43805881417959
1.42627789116228
1.39950851022791
1.39205236365476
1.36628430088012
1.4433929088126
1.42914173390063
1.42804625655875
1.40024679679018
1.41563705025907
1.3974150311173
1.44402550164198
1.41428555723532
1.46061038520945
1.49503880763988
1.49304302834097
1.461908047689
1.43667206363656
1.41408622258666
1.3936065137158
1.4314097018235
1.40967300894756
1.48150247096704
1.45192915700119
1.47815556796277
1.46665519566681
1.44663727837956
1.41777947172062
1.39259916799366
1.50392628950939
1.47728008682523
1.44833713098474
1.41853638634439
1.41267188255059
1.38502255421636
1.35943986698008
1.38339333068811
1.36698870037613
1.36207954164907
1.34353418071476
1.38710246698131
1.37037590089994
1.34538807875405
1.33231003897383
1.35835370781896
1.34863953780354
1.32544723521718
1.30143567112166
1.28129384580252
1.27228925960314
1.28862521682322
1.26485455844428
1.27274257365592
1.25741686025838
1.23779168035282
1.21898676051176
1.20844842943757
1.19063477289536
1.17689569914975
1.1573316082224
1.13790185134727
1.12003131687439
1.10873609136052
1.13323594712736
1.14826404370124
1.12835475529677
1.43395195121705
1.48475164169451
1.46292567864683
1.43111621329673
1.46215580355192
1.44844320656565
1.42864336147457
1.42689598005138
1.40140730962409
1.39879016861008
1.37136804968595
1.34540039018012
1.31899157661286
1.29792739319956
1.31098415050863
1.29174090388823
1.28239362494732
1.29165329262803
1.29036928198269
1.26188493254605
1.24701546933556
1.24255419586385
1.26278222850672
1.24475052974013
1.22206163868121
1.20198550615789
1.22960651040754
1.20775548079366
1.18702391039035
1.16757377688664
1.14760390592362
1.1282122642602
1.10885789992849
1.14617653407035
1.13721738182123
1.12304290120578
1.12525354573136
1.10973260230262
1.12574706191184
1.11216677445256
1.09505812401521
1.07639932199126
1.12643346159231
1.1846898676595
1.28157874776592
1.25748868489909
1.24484386032729
1.28725437224253
1.30395309505749
1.41061203858488
1.38019651640188
1.35478558763548
1.34863418367836
1.34694394980643
1.32343631977767
1.3247037435203
1.29894344143354
1.27412170294524
1.25548161578092
1.24318741434317
1.23055275737747
1.20878170655155
1.18723645407571
1.27580117665455
1.25097223666487
1.23184800015156
1.216669247001
1.21063884306044
1.23559816417722
1.22426464268728
1.20298846063918
1.18182716111108
1.16113187271379
1.14378560452869
1.12361786530562
1.10677626162151
1.08729913737864
1.0682462236096
1.21751227952893
1.21423380229254
1.19372133161792
1.22892657255513
1.20559026869381
1.18435737314391
1.23934208704074
1.22027692655908
1.19762073320124
1.17776222295619
1.15513985504715
1.15267233138887
1.13992909741055
1.12221195040933
1.10523369577051
1.10051081013414
1.08597403844633
1.09333191503205
1.07577516757996
1.06021073385098
1.04204075296843
1.05796854584349
1.0423101299408
1.02758630491827
1.00891824654213
0.993561954441316
1.05029856319978
1.03922887000457
1.04757300843167
1.03143190494232
1.0125359828256
0.993807043003203
0.97683711457957
0.958786080322963
0.98851204555659
0.970479907763152
0.952637980905694
1.0025043391141
0.986559437614947
0.968665399041904
0.963746985213108
0.95279135760289
0.937795484331028
0.930779991006599
0.959347253918098
0.943563855907587
0.926681632286316
0.924884430062716
0.907966610357061
0.897496043924221
0.879766508761695
0.896413250596302
0.888442718116254
0.870342938733642
0.867279986741052
0.850954087512561
0.893215173659317
0.881212631028233
1.0454566784122
1.02412348298321
1.03895329616142
1.03862366513767
1.07492845918237
1.0531143564634
1.05951850758566
1.03868751245839
1.07901172512994
1.09972002114054
1.07667325627988
1.06247105553256
1.06012481303087
1.05906263594962
1.19726046979614
1.17669227320785
1.153953120126
1.15974724125225
1.14482780862865
1.12301789850486
1.1011931712113
1.08105863109812
1.07811687427905
1.05741189100248
1.1853413418991
1.19704093930907
1.19966170534605
1.30447212755072
1.30257931700385
1.40897524354477
1.38225618725142
1.35499185056914
1.32727862413216
1.29727827216935
1.27400839569812
1.27017589180161
1.2438541459418
1.50985545140752
1.53965744289453
1.53235616883784
1.53833964173369
1.51663060426446
1.48193885264882
1.48421504214962
1.46363701538237
1.44005008971238
1.41239028320655
1.42139333815932
1.3960617977507
1.42317180832536
1.40849018128981
1.405131743038
1.3746723929746
1.36184367208089
1.33488572867424
1.31760933510747
1.30196836900345
1.60963798194772
1.58187511679724
1.54669581578105
1.56078679602299
1.52866119298417
1.55998890411336
1.60240973203252
1.64438428858924
1.60656832716402
1.56969441915107
1.99179694455076
1.94360743925116
1.90415372585746
1.8580867258455
1.8133132738584
1.77062544773502
1.89002720224974
1.86784234921773
1.85509851262255
1.81103032038684
1.7699957441116
1.73457951177806
1.7303486069535
1.70293234656677
1.76964340697207
1.82182151279818
1.8031847225199
1.77894051802835
1.74292107945969
1.75523260830425
1.71768357903601
1.69798043390521
1.97195082349307
1.95113259843237
1.90838146605684
1.9002316239471
1.85465572730341
1.82261457608156
1.79094291717114
1.76715812677456
1.83267603913204
1.79959926144354
1.75661612448726
3.42884384520797
3.39284307416199
3.40495033385169
3.31416915919566
3.23415060918112
3.17536790021571
3.321739912848
3.23805687702077
3.39738732645125
3.34576497948221
3.41428530850359
3.46014979111887
3.37053503363935
3.28949105772859
3.40938256522408
3.38371010260093
3.34725102636078
3.29907040044525
3.26948949797225
3.18729273744833
3.15538429611346
3.13132098947294
3.05622036563979
3.01015288102704
2.9352616318012
2.88044232448899
3.14338461566189
3.29908935759778
3.22232036845927
3.14412719470096
3.07480506313595
3.2778843258127
3.19984001093913
3.22916618470575
3.37883666524161
3.37763103090112
3.29380075649111
3.47049403129234
3.40897004981885
3.42395987748121
3.37038325120526
3.29886690712183
3.23441492153331
3.32203594423844
3.23944574657129
3.37992790543202
3.3263026051455
3.40150650938158
4.09860284820242
4.03411924835456
3.95078654295747
3.86629934529191
4.05049300904885
4.01157039498692
3.97215303717868
3.90149746331291
3.80264138934969
3.71305966498772
3.68844191557623
3.63770288044594
3.57640563512958
3.5235579921286
3.4371943148035
3.38838734623269
3.6358447646722
3.57286838718869
3.48373814016226
3.40706541848019
3.33530693453384
3.27543193652535
3.25803581640666
3.17750293504322
3.23885317321543
3.15909753309449
3.14719365068382
3.3499391137609
3.32847308296955
3.2571568911921
3.2000443331134
3.14562935146478
3.18222486063403
3.11784515309272
3.03953006112646
3.00913785275281
3.01109147381855
3.23249734490456
3.15584461975234
3.1388414959518
3.1487074389003
3.10631803908006
3.02895113383449
3.08140631972076
3.05495384165816
3.49854487654053
3.41068358494386
3.33560642121405
3.25252442708548
3.19516676397996
3.23119916196596
3.15211703838298
3.10968234589134
3.03540976763487
3.00825284762581
2.94224465899147
2.89950543603099
2.83913700783307
2.76952718987273
2.7006586739728
2.66222298938305
2.61072371354752
2.55379912051091
2.49217092911266
2.45714340098607
2.39904588276352
2.51081623710729
2.44924828414337
2.38835064042956
2.35766315048397
2.30005354443075
2.26104641623851
2.20627109573536
2.15334496323955
2.34317374271455
2.32205828379656
2.30764769872301
2.29124020637818
2.23441265085098
2.31878512040668
2.28445351512554
2.22888400098942
2.27075314623847
2.22198877899972
2.18768815089819
2.25526792671963
2.34311269188922
2.30409821153883
2.29253545327852
2.28968207886982
2.25872758828815
2.22240165997494
2.20209651102992
2.1607895059612
2.12064403429855
2.07092952144286
2.02631517709287
2.01475333015439
1.96654296571428
1.94723506045474
1.93643789379561
1.91018664283165
1.86503244237527
1.91699245505425
1.89004518020985
2.17227893696658
2.12313655461306
2.07389415522012
2.94353302752031
2.90551350636848
2.86011833748452
2.80807432694593
2.74226119548532
2.69420278688759
2.64099423031264
2.70771502668785
2.66233020586113
2.60203919841539
2.57293101402132
2.51490905730464
2.53582697303715
2.5154715965124
2.46566403980637
2.44632135922131
2.39586971947604
2.35397866382634
2.30447530464602
2.38578116871517
2.60236970912489
2.54711155595353
2.51151303573623
2.47294975592483
2.46516593748405
2.43191157097636
2.62283383983456
2.56405507180189
2.59138437452512
2.53274700082748
2.50486060206375
2.45990926756903
2.6605795804961
2.60078262543412
2.57882014021427
2.93982433808852
2.89298101082199
2.86263145155024
3.10005477436931
3.15578223758739
3.32270539106969
3.87921806320577
3.78745724270631
3.69687037768351
3.62644924607685
3.53729495816742
3.45314911752017
3.54101214188129
3.49632303230977
3.49040328141946
3.43165012329232
3.35315811337039
3.36932731875952
3.28879518024079
3.47320015650037
3.4407303879517
3.38838777792837
3.41057110217848
3.33048243182006
3.25999726695075
3.26849780338609
3.19882514005994
3.12240875215317
3.05518259133873
2.99122936319895
2.93137410949458
2.94240244981847
2.89365986300965
2.86125230497068
2.79274312779053
3.07490897902537
3.01760488046926
2.94508046131381
2.87982681858041
2.82281905154912
2.86410791401618
2.80538483192889
2.7469578265815
2.68012039929006
2.65693807506867
2.62302577572136
2.61149653003055
2.69311066753872
2.62871686951076
2.56981126085535
2.51996785661459
2.5152306667648
2.60787446272501
2.64244939359655
2.64343263453589
2.59489819647726
2.5345828822363
2.59912146215155
2.65845800403505
2.68728612383476
2.64657292491456
2.67390964531433
2.60809405034655
2.54817094246265
2.48796728489211
2.47318002271101
2.4452513495964
2.38642738257668
2.32778205696364
2.43430274921021
2.37609161132238
2.31861813030244
2.60710972764752
2.57066350650428
2.61248493891594
3.05860223748307
2.98701607583455
2.92488065777356
2.86938951974598
2.93624021700478
2.874897212464
2.83384400542541
3.08182187209381
3.0476113868579
2.97859936051231
2.90521656206819
2.8878157902392
2.86821832434512
2.80855322708151
2.74008816615223
2.8381060061397
2.79423704067327
2.87505365114704
2.80886534895318
2.74058359084571
2.68239541822638
2.68729597665305
3.07409223507683
3.06588176920015
2.99270830982646
3.28381135233835
3.33394010930678
3.25030051961932
3.18732787293467
3.49968362053018
3.4130617347999
3.45338534867558
3.90472497169153
4.0809907163437
4.1779518887479
4.37127321957439
4.2828346420987
4.18915455564432
4.10038169168826
3.99725292770296
4.26137177050772
4.4783611530627
4.49009567189962
4.38930803126511
4.353924329506
4.39584451512447
4.63743374544006
4.55141093503264
4.63053634178303
4.79066134317903
4.66053017840919
4.55555377007768
4.49856950107139
4.37992494003268
4.39824154577993
4.36052487525599
4.25022454148025
4.13931717582312
4.05159242591053
3.95062023782894
3.86736297263675
3.77606297609804
3.67735420907943
3.58187197588257
3.52931594987633
3.52268683306777
3.57943428628246
3.54488194254578
3.46166092999561
3.37817635486395
3.43289159146494
3.41471310915266
3.41461218014354
3.38783464519574
3.33616277782964
3.25035711765885
3.20973189152872
3.32498703407041
3.24939264968681
3.16229816711758
3.07780199545416
3.1082504757224
3.02830781205367
2.94757533536627
3.1089520270987
3.16301358825115
3.0828965735393
3.08283204052041
3.01843097104829
3.06919543702416
2.99896924077696
2.98614785857917
2.91731192736445
2.84542996081706
2.89162144471443
2.85138827368263
2.81153455529391
2.79019785354695
2.72408758385303
2.65718267757868
2.687108462503
2.65454369563085
2.61867229963031
2.55992613794045
2.49202520708277
2.53639872571925
2.58776693177904
2.52005264027
2.46037078857653
2.3975246926586
2.46904231336374
2.43367857977
2.42224723033519
2.3650329471973
2.32221780660537
2.30553661378821
2.25343630030075
2.1954200604971
2.13781767353839
2.09687388559447
2.0435751211196
1.99611436149916
1.96386320015874
1.91168187577305
1.86320488485977
1.81359380673836
1.77052500667713
1.72382263981287
1.6769501090745
1.66741231705396
1.65481117647697
1.62467346422995
1.60378830545913
1.60763210958028
1.81380386873486
1.77387772515232
1.74624353029155
1.72993608363007
2.03648078552243
2.04453532032481
2.0328097850436
2.00161437107102
1.95228204264078
1.92172318158152
2.37772725467377
2.47566206508449
2.44825248220404
2.45476639578068
2.54949483430578
2.48725023208525
2.42122825787336
2.79006426351624
2.72202210729818
3.021096912273
2.93656420162153
2.88637528134522
2.87337897649221
3.07424078073984
3.0004667356484
2.91856019296615
2.87546046172032
2.82693074386384
2.75177717648586
2.68067732576018
2.63639116198508
2.66806421914792
2.60253801995587
2.62826994507797
2.62310014197905
2.55671986199627
2.7207529515013
2.68594238604905
2.65113736875653
2.60811739877617
2.54006569021442
2.5032298786801
2.44071186932909
2.49048927049934
2.48799533488685
2.44444552728012
2.41191376807487
2.36490972303001
2.30343975220402
2.28099055586343
2.22269835162481
2.34714652854652
2.30297836991892
2.3834266551132
2.32514987029789
2.26609903946601
2.24381683041816
2.22392461928692
2.42314803163231
2.5921097067362
2.55187217142165
2.48393179931852
2.42078910585554
2.36567615775037
2.38592774705995
2.55208662341513
2.48640247534394
2.57933610359642
2.67214626212647
2.6019187269981
2.60086823852189
2.53278476553048
2.46610825580171
2.47068356102661
2.42472096967757
2.6375660702773
2.60030426766517
2.65118279339515
2.67104220717759
2.61103515130773
2.54447697291479
2.48242812997214
2.4174881433006
2.37385714293159
2.31818383943351
2.28571209129213
2.26180285274982
2.22202014524808
2.19517037901299
2.13888611954532
2.08352914948003
2.04390764823851
1.99361850042005
1.97427628047169
2.03163343576145
1.98170598596414
1.93894451742115
1.91892427129502
1.93006028175263
1.88647268828782
1.93454548962102
2.2168394514997
2.16498792802836
2.27739713283446
2.26910148328229
2.24846959686702
2.20301014979038
2.14660332612826
2.09281162407872
2.07636909424023
2.19656501247985
2.14131992866018
2.21408414302617
2.15835837084011
2.10511515103339
2.0521620733909
2.06416958062878
2.01779338865963
1.96609937821683
1.91656754716044
2.22117387063796
2.1802010220297
2.42368320393716
2.6374771986947
2.61428649773431
2.54580449239738
2.47345865758182
2.45727119258819
2.49341913975392
2.44057744758566
2.38098759363126
2.34273518357847
2.27954171036161
2.48476249576651
2.42048853036035
2.36954659123442
2.30728604364755
2.24646515201611
2.18817524003324
2.1340631801871
2.07846468731941
2.024565645778
1.98422865659901
1.93305368413721
1.88970763320461
1.84159135286772
1.79386942623088
1.91830617553895
1.88156152961313
1.83777988735139
1.79164530544549
2.08873922232786
2.15443835989453
2.12740937008697
2.08151308105693
2.05779767668751
2.00478001709276
1.95327943023082
2.06794032874559
2.01556429704358
1.98131817727589
1.93342529624562
1.88733067841261
1.85518057620379
1.82482478785773
1.80719809823938
1.78975796520695
1.74435504002055
1.72065811715669
1.68693430524544
1.64500375974453
1.66692010373313
1.69888118287832
1.65532959288221
1.62133656168034
1.59509042115005
1.63707681016943
1.60097430745658
1.56302366990035
1.52523534094935
1.48689324626819
1.45103895072987
1.42491880953535
1.41243972095286
1.39773635032009
1.38418587667715
1.34999028489152
1.31907121722617
1.29070308366203
1.44720371582336
1.42251392697853
1.38900272432221
1.35745735445459
2.13604920187144
2.18530552115266
2.18572917954615
2.12884136973419
2.11599013743848
2.08310492997223
2.02887825209996
1.9749882658478
1.95465964244654
1.98612693155169
1.94282688200659
1.90315191683086
1.85595078902489
1.8144838990808
1.77739930554269
1.76086091536695
1.73253483575005
1.69110268044547
1.66239107849269
1.63455262744683
1.59499041106132
1.56273807698398
1.53157937874892
1.51042234556234
1.47687894824349
1.45002162587083
1.41627726895509
1.38244163185665
1.38389013021785
1.35920499388697
1.76111003880411
1.7226902364114
1.72506566442659
1.70051782737238
1.66062437119588
1.61996537407014
1.62834131248368
1.59113796725263
1.57949884607291
1.70987363690898
1.66767125759814
2.19834351835704
2.14707146425257
2.08884742517262
2.06295468657496
2.05076598001682
2.00262801018183
1.95036511385609
1.92026415720638
1.87335354807297
1.82887867181909
1.78485815650784
1.76016203632029
1.72034132751576
1.68931551498241
1.64894813473917
2.17115283731974
2.12555201959149
2.07015092675587
2.01840878820016
2.12757655570924
2.0722989674902
2.06389437882869
2.01841440173561
1.98036841200154
2.47212713762511
2.40689372935934
2.34324560149787
2.28244982993031
2.22533497948424
2.43695185689374
2.38170551070077
2.31988221855199
2.28586012041431
2.32331506611471
2.31795682549286
2.25786638837041
2.20059969075943
2.14699170362864
2.10850477927845
2.06085258980662
2.00905683467682
1.98536205393575
1.95959706503417
1.91001126999466
2.23523770758788
2.17948824474446
2.28126906924634
2.22235524835472
2.17516628500575
2.12383081794018
2.07776221485417
2.02961039775471
2.0036103968892
1.95570854876917
1.91803246934237
1.87911876754014
1.94515752527957
1.90233257043601
1.90792656599444
1.87774362307222
1.83302864678258
1.79689503005871
1.75689555051573
1.81211389091733
1.77035101709051
1.75642655049832
1.71986275970976
1.68034469331184
1.64456766827633
1.60743561224597
1.6705398923342
1.63015513859942
1.75788445835036
1.71504173056301
1.7407905447282
1.6996545241998
1.70631859760538
1.79413299863746
1.75106931605617
1.72184528226603
1.77874981865728
1.73842201705748
1.87558401054792
1.831451071739
1.81155509713963
1.80238979914249
1.75785692184665
1.71441370237802
1.71555425945457
1.68041010746467
1.63966850182082
1.87864822192012
1.83807733778245
1.7929696697003
1.77324685990898
1.73793840180298
1.69526973702768
1.65394632529929
1.63363313655334
1.61298423477298
1.57509759894008
1.53790929019365
1.55613884933101
1.52740354833436
1.49312758564683
1.49368931042589
1.45889910934225
1.55705832377683
1.52458139880459
1.51129904601458
1.49076427098268
1.69413185186501
1.65402400327422
1.65278948073736
1.61683495741592
1.62678582409115
1.60190801030428
1.56807128918489
1.53110693217235
1.49570489345436
1.5209644778662
1.4859347877831
1.45588338889598
1.43015675369509
1.40524233770763
1.37798616336392
1.38455788837825
1.35522096076753
1.32658169053724
1.2974322244198
1.27023565644351
1.2720676817143
1.31374494516287
1.28533642875712
1.27368142217515
1.24863171236605
1.24072952273459
1.21434037951804
1.31427517842226
1.30348966861813
1.27953192855442
1.29659200047487
1.28615693806661
1.27007754707849
1.27555862853901
1.24774881558743
1.24020294435583
1.28123547148503
1.25551584679813
1.27979617380658
1.25204126926485
1.24824726512166
1.29795889004387
1.26974917363126
1.5146848392938
1.48769595816528
1.46231428205498
1.43648250481643
1.4664574811075
1.46223534008891
1.43164518725991
1.40013112723025
1.36980132507166
1.34080050548578
1.31969702704728
1.29243807604723
1.26457982127322
1.23729362228197
1.25940761144046
1.2397853410468
1.21412425210979
