1.23859521717711
1.22120684496969
1.282762325527
1.27537099375152
1.26383857218411
1.28296901837514
1.29292109926398
1.32761282996332
1.30538083028108
1.29141728926194
1.26981836973283
1.25050016679851
1.2300338296728
1.41710989788299
1.42763980653618
1.41191238508705
1.39061050604577
1.3794137401292
1.3571489701864
1.36769538999008
1.47649901846423
1.6222435131456
1.58482430457466
1.65552441782696
1.63698904518039
1.6003280290087
1.57549882328925
1.54391736747388
1.62110757004333
1.68536408795669
1.65391974787597
1.65579194084945
1.64083279560339
1.73451351928712
1.84644758434798
1.84563453695299
1.8026291535545
1.763609930699
1.73519264265095
1.69487305155081
1.65871823105839
1.63835227446097
1.62359793887663
1.58730308543871
1.56537454479972
1.54497758978105
1.5203908014198
1.49645509196221
1.54781406982233
1.51538771917773
1.48451089993751
1.45454719118611
1.439664379102
1.49603914156389
1.46807590248374
1.50492003425094
1.51571423269402
1.4843542404721
1.45679759340715
1.44837917658615
1.45283144508656
1.42576662037805
1.40239710266125
1.37919796931526
1.36602213608627
1.36837234523413
1.34288162175344
1.32602221256865
1.30339534405746
1.47973064819518
1.52526805841356
1.53314358048911
1.49968435049268
1.46785823265368
1.48502117777834
1.4596114549627
1.46809420021154
1.48823065583085
1.50711409327286
1.47453068502245
1.51222766566591
1.47940056332856
1.44996229379794
1.57203704976258
1.58117137200272
1.55917737531277
1.52579815476623
1.49518709565823
1.46570865996226
1.47334670022074
1.44210854686206
1.43962670794857
1.41083345184408
1.4507844800228
1.42042859825412
1.4061119643555
1.37906731148561
1.40039480678557
1.43696875315099
1.54746274103021
1.52805878184213
1.49814579990449
1.49791127528236
1.48620675890753
1.47532079564862
1.55129715558074
1.51619837663986
1.48956311056559
1.45742926010253
1.42947927578088
1.40008459177346
1.37563459451986
1.44179508591798
1.44081231415453
1.43211280895147
1.43490151247928
1.41076715614468
1.5358395179855
1.51996017508047
1.51656635849188
1.51010881576508
1.47735361893279
1.45672908995313
1.45884565888257
1.44575723712989
1.48827481739451
1.47416192899971
1.52796518366277
1.4935212639908
1.476185654869
1.44781395359119
1.46872710554277
1.46692283007194
1.54476763697424
1.55866719155995
1.58076065798704
1.56851801578811
1.53794132144333
1.50881235689321
1.47663939493382
1.44604280001557
1.42327569551167
1.39717203106291
1.44278664584134
1.42589591978699
1.39939591486016
1.38540030254434
1.3596812030327
1.40778622299148
1.40939096922084
1.40074592573553
1.37326392526352
1.37764191935371
1.3694744505947
1.39696247074451
1.36772739768327
1.3961855767077
1.41624122584078
1.40935880288736
1.38054214481698
1.36214450741021
1.34757922283494
1.32714546282845
1.35108264247479
1.33054971775746
1.38103085742254
1.3536918271971
1.37249617413074
1.3845336411467
1.36453119996004
1.33893592723652
1.3179375926378
1.39869971907946
1.3816715415768
1.35460166925448
1.32736351274392
1.31948750562714
1.29490026373934
1.27061152252386
1.34646493611281
1.32835743434628
1.31881263086664
1.29928740866713
1.3266626683064
1.30116929391128
1.28011204918082
1.28365123167554
1.36430786148739
1.36716425855698
1.34222482235746
1.32390820552675
1.30035824166682
1.3020543507608
1.30455756855973
1.27894069676218
1.27632376318272
1.26626252179457
1.24442672748368
1.22684754330686
1.22394473219891
1.20671439551561
1.18942472397974
1.16851215179655
1.14758556169531
1.12897111560615
1.12170194612755
1.13303353729412
1.13793190731502
1.11751086100074
1.33764374934182
1.37159207820464
1.35139910471607
1.32364579343269
1.34435165201442
1.33086497293936
1.3274907091796
1.32308331788045
1.30890801946962
1.34057149949278
1.31443477558276
1.29091089825696
1.26567291494065
1.24899140763354
1.29316224758077
1.27440588951004
1.26147062101755
1.26147984085492
1.28983405453783
1.26306235362441
1.25311628250705
1.24352221043278
1.25069016693686
1.23700436359737
1.21441814057794
1.19572583964094
1.26134227603085
1.2379826974603
1.21572962930239
1.19592882464521
1.17431103195955
1.15355157520312
1.13314556249559
1.20791726465663
1.20087376265793
1.18301083374358
1.17568608034243
1.16022696261456
1.16381786430121
1.1522302721565
1.13286195820491
1.11289427177166
1.20357993481943
1.23292511659852
1.28980079345507
1.2649201465148
1.25911165126633
1.28117531834201
1.28384842679411
1.35241646128061
1.32486576278251
1.30611051288213
1.29604075861803
1.31675793841308
1.29848811421832
1.29164581590693
1.266784482757
1.24276283334278
1.2235429086646
1.22153264122215
1.21839681934299
1.19779722897609
1.17620354308265
1.23337360728586
1.21089259560535
1.1959565071139
1.18740996642847
1.17771573704526
1.24151071540273
1.23830096763282
1.21582136649776
1.19419729037024
1.17296554462585
1.15398589286168
1.13289899227271
1.11656135752388
1.09630991779978
1.07646604152185
1.17707155392585
1.16977297205299
1.1514043114822
1.17253430618606
1.15083439271596
1.13240440806484
1.16932798631914
1.15133097945762
1.13136532207828
1.11306297624832
1.0925378486716
1.10736038382564
1.09379324361603
1.07661016215688
1.0634918169148
1.07150463366012
1.06119301489912
1.06236269288371
1.04696112796769
1.03462350627149
1.01648772436084
1.05787975577994
1.04089005953169
1.02811584758216
1.0086648856798
0.992358610437941
1.02907197309232
1.02380179896391
1.0254214448839
1.00883399888828
0.990122235978744
0.971440513458577
0.954425280853133
0.936587679908381
0.997284247363277
0.978389021067495
0.959727952420502
1.04841276062574
1.03126058704264
1.01136744476996
1.00127206671497
0.987164294677636
0.971916834453852
0.968304004756765
0.982198586384051
0.965022659898365
0.949148450677086
0.942666561051934
0.924452452701747
0.911764293174635
0.893323138424148
0.900695659470312
0.890225480218077
0.872505789739492
0.86580099159575
0.848965115607478
0.87667605836936
0.868011839617045
0.98919917664359
0.969538132451662
0.978462775462552
0.99569347946496
1.07395043017092
1.05221218840007
1.07629104044975
1.05424631504955
1.07684836310267
1.0859796773301
1.06405908107679
1.04741617974062
1.04053338393819
1.03500238013624
1.13244808885256
1.1130530413429
1.09319667319649
1.09361793389236
1.07881755955239
1.06036747805942
1.04103831398053
1.02413416497934
1.01873036546385
0.998285080864592
1.0939547709164
1.14114632808586
1.13887096961679
1.21325995768806
1.23863623776988
1.31281305046697
1.28797958070221
1.26295267083027
1.24020815015484
1.21391017203048
1.19736591130861
1.21665356507717
1.19137059036835
1.38531637357995
1.4815542771312
1.468828840977
1.46621370363064
1.44310208110512
1.41039410209351
1.40568903420788
1.39900616274986
1.37505733587552
1.3524329950807
1.40044153500455
1.37384771338376
1.38553149967008
1.36754827128837
1.35804944110131
1.32878679279966
1.33195049796834
1.30530914326744
1.29796123418139
1.29288460154613
1.50812448576409
1.48126590860915
1.44940245665817
1.4539450417352
1.42752889520486
1.44575774863238
1.47241885327905
1.49931401186672
1.46584894850348
1.43365924585556
1.75115680139506
1.71033892445296
1.68684897382517
1.64748511618396
1.60941388296311
1.57303711761794
1.66211847081371
1.67227003610148
1.65919283464257
1.62107137071103
1.58750412610058
1.56495250278372
1.5581083850981
1.53348090958
1.58125740431433
1.6174170031566
1.63053258367313
1.60767724642938
1.58296267119627
1.58798348407908
1.55807460681972
1.53906123539927
1.74498479685003
1.76000712782027
1.72050017205138
1.70955284660083
1.67004933143511
1.65638515371004
1.640941451522
1.61753925173164
1.66223178392485
1.63127517923562
1.59449676474874
2.8824591149499
2.94009439088068
2.94258080932671
2.86471663245009
2.7940815209989
2.74441886802006
2.85407007490412
2.78728089491418
2.90874787689661
2.86154420513032
2.91116168595971
2.94290090901217
2.86533796537126
2.79885897971118
2.89110858527414
2.96845466543518
2.93071682626436
2.94297425090041
2.90843218699036
2.83265757934844
2.79757704424263
2.76893207291
2.70441130238673
2.65914419158758
2.5915099620109
2.53940665072916
2.73786248458207
2.85324076375056
2.79492489026191
2.72547177931107
2.66352719750938
2.81924572566071
2.74979873729859
2.94239577159754
3.04409406501889
3.16575430633792
3.08305386702399
3.19788121045737
3.17601891157594
3.16842875390373
3.10922226081719
3.03716003707654
3.00254035072311
3.05176928232101
2.97173428014388
3.40821432909357
3.38382462485382
3.64068085991162
4.08799842109719
4.06669789159198
3.99530352833263
3.91982194804553
4.01497500043339
3.95072801700167
3.98473524783039
3.9416495185591
3.83425659229889
3.74349094729279
3.69139003790287
3.62163147277142
3.54592756553455
3.47723869224287
3.38547178822938
3.38139892544098
3.52888551836435
3.50324796803625
3.40905395206016
3.34297896319905
3.28470327670052
3.2142527888648
3.17571237535862
3.09369639497724
3.11421356724737
3.0317458439117
3.00063529375206
3.13062559688273
3.09410574985968
3.02083503431032
3.00107902880444
2.94098347756502
3.14076495032835
3.09155890541469
3.00896401935568
3.03388391118356
3.12436688113794
3.2469675743576
3.16276937641895
3.12233115321242
3.24272642891563
3.18156807056572
3.09651784218865
3.29689699445776
3.31528331862475
3.57468752256446
3.47860051779669
3.40595417015642
3.31596073244685
3.28086196012636
3.44613483560373
3.35678928996462
3.29082707872892
3.21154401803043
3.15881436532671
3.09335690783773
3.07650324851215
3.00264277797525
2.92354226056203
2.84567339043531
2.83182632482385
2.78738304587614
2.71886191858415
2.64796067725888
2.63495003543933
2.5723302259246
2.61737580776268
2.55091856112699
2.48268959868948
2.48006044676571
2.41446504706896
2.36221734182796
2.29948363736159
2.23964765827772
2.34863497303843
2.37324747400908
2.40707064255756
2.37101597250702
2.30692491429079
2.34336866624362
2.2983008421043
2.23730653363837
2.39744958362813
2.34019997366503
2.31396290961097
2.33481855869005
2.37091685104
2.34736383302105
2.31800060853745
2.37490020590285
2.36868269863534
2.32029436697324
2.28462431050481
2.23370871609265
2.18639172789324
2.13122651996705
2.08542763321115
2.05780497067225
2.00480301208589
2.01490847584985
1.98634386604229
1.95111482899246
1.90214824370727
1.9233212829359
1.91753173628463
2.10551090351723
2.05362328469877
2.00203171029409
2.6384641221396
2.58829540684793
2.5423229462498
2.52123595590172
2.45991837483547
2.41242047986749
2.37773121961238
2.4176272059973
2.37223166701262
2.31539551712439
2.28418263190483
2.23040820394317
2.23839194531829
2.21429694187506
2.16742538850826
2.1459612891809
2.10964718027726
2.09228040872602
2.04587739148758
2.10239763181498
2.26399215836255
2.22223014382761
2.18753653205281
2.15075213269542
2.13851802612961
2.15019014650706
2.29297532453508
2.23910357746382
2.253660286412
2.20284403535677
2.17534324282876
2.15541146796046
2.30660387056268
2.25551018949513
2.23240722924719
2.5114231561309
2.51135035029144
2.47981241838132
3.23050901244128
3.46158275190238
3.90517447053525
4.20395400378493
4.10136238883206
3.99418024726944
3.90042856898749
3.79454894712551
3.69352552674085
3.70970950140646
3.70940698893071
3.66434802706126
3.58422664143887
3.500633554426
3.63348193258424
3.5388970096826
3.61933167215932
3.64720974631009
3.57171265371492
3.54690764335499
3.45810338349719
3.38959634468174
3.35991062665034
3.2922354200961
3.20583878439742
3.12679704821287
3.06772891930791
3.01049159969995
3.1257191145709
3.05900823315748
3.06622927829089
2.98673949023919
3.14200413938331
3.07017299290059
2.98845841232465
2.91530838243403
2.86773332386578
2.8689942798391
2.79995694989752
2.73213061796506
2.65936173363805
2.61827502932412
2.56979134082286
2.53937421499598
2.83300701302472
2.75939951506016
2.69740667261586
2.63423037898775
2.69668561071295
2.72890542329082
2.72165168892115
2.69422844915107
2.63307130869563
2.56775485776943
2.58833925516284
2.6062803469514
2.60398944452996
2.59063188793448
2.58880408560713
2.51906074870756
2.45435021569867
2.39005902182963
2.44503831824783
2.46068634191535
2.39675732680842
2.33227345631429
2.38642910775601
2.32352923903418
2.26331374046581
2.45664816218094
2.46485313058563
2.47673049522754
2.79012424413837
2.71969618648795
2.65613557627971
2.59856277987102
2.635018135111
2.59667177761324
2.61042808068517
2.7835247486276
2.74116425438603
2.67271656261963
2.60125262522432
2.68589563171717
2.75579688288759
2.7096396635166
2.63692079415975
2.68758818022437
2.68667813020784
2.72487543062415
2.66284437809066
2.59176559455914
2.52931853587954
2.51483426973197
2.78873876472753
2.76531850049724
2.69309562789115
2.90529690719947
2.93020190292131
2.85026077943785
2.82358329081419
3.05670305391903
2.97384996502774
2.99422803896057
3.34257184566542
4.05955854966339
4.48902137389537
4.56262092590234
4.49091231577376
4.41359512302484
4.33735609527297
4.21990251036799
4.34551864624247
4.44672598160198
4.67287152133138
4.54078788414831
4.46649159305722
4.43597522680574
4.56225047832188
4.4540641185823
4.46678786718655
5.12311852241705
4.96946030495002
4.83299979531346
4.85983056408209
4.71451347479037
4.66780166292414
4.73868379398276
4.61122956550769
4.48048108911049
4.40426335686312
4.27610970996264
4.20510001738782
4.10854698756873
3.99206585151808
3.8751071098087
3.86789010600228
3.97350394196191
3.95166345462613
3.98871853059076
3.8792348276305
3.7851010361294
3.76497249322179
3.70011051654789
3.82612944437639
3.87098414369917
3.78250226446842
3.67926166014696
3.68189480191295
3.69774472564035
3.59613542721358
3.48860190129054
3.38355624627176
3.35424488746391
3.25410842315481
3.15949599205347
3.22452278463555
3.22145845524983
3.12930701305876
3.26965566967422
3.18310750696284
3.43969316390271
3.36477969950604
3.43046209364684
3.33566297310932
3.24064679194624
3.22038419439502
3.14819251518233
3.14606239156078
3.18451433118261
3.10733835666902
3.03045014611967
3.0031183357125
3.0082759915843
3.00439754860958
2.94030338078904
2.85311264855344
2.83683359005451
2.82750515020164
2.74337991529225
2.67680347628874
2.60266057196599
2.61446596702165
2.61616191360706
2.67728275371254
2.61128223398884
2.54670153561082
2.58585404507191
2.52836209837738
2.45398830632973
2.38073401229819
2.31965719656675
2.25452543861008
2.20242265894811
2.18700391119464
2.1204487862631
2.05823664629685
1.99472072585748
1.93740093794316
1.87768448156675
1.81979325194546
1.78760001209103
1.8128006768003
1.79047821849272
1.78931724836883
1.76634781796235
1.88061656524954
1.82976284217572
1.78856523810704
1.7562383350694
1.96134144991037
2.09825220947462
2.15939216420288
2.11101280996275
2.05304998010259
2.04938086072414
2.33855416962505
2.38428105984342
2.43367700496287
2.5773713901177
2.60956102134723
2.54687340372313
2.46929167454189
2.70016235851947
2.64489392314471
2.8379464252206
2.7497975122519
2.68826154710304
2.81869887359956
2.9355744404552
2.87971795367629
2.7936860252139
2.73451731719828
2.67267593227756
2.59427508021047
2.51751960869194
2.46267775131098
2.46619640959905
2.39616835412295
2.39771090366567
2.37168181845832
2.3110633226947
2.43067683340547
2.38751467937676
2.438586922229
2.46392929428696
2.3871733841435
2.41993464044489
2.35018722278864
2.3649608274992
2.49955612360235
2.49270448098416
2.51397457238988
2.48189929073407
2.40966239052511
2.44872487410102
2.38023412601047
2.43095823422534
2.41145592947718
2.43597344816026
2.37646643319859
2.3104780040871
2.26778587663545
2.22774691842851
2.34546620799062
2.44518609405974
2.46735444011803
2.39262495946491
2.3294748625259
2.28794639858904
2.48529991513694
2.56881298456623
2.49691825965392
2.53514549200291
2.57624989313959
2.5021544630996
2.47712290386277
2.40592400581364
2.3346603581174
2.49398681824244
2.47971670977286
2.59960646261375
2.62811324932384
2.63479215033488
2.84144323135326
2.78765868876486
2.7097356195408
2.64202974401752
2.56195063678088
2.54560757005961
2.48746109002322
2.43178280785544
2.46750953700005
2.4067183146423
2.35540609693214
2.28743853023931
2.21931171910664
2.16323091898972
2.10461542973722
2.13737186327347
2.14632951035221
2.08989948552133
2.03413833096489
1.99476625069043
1.97806740723854
1.93547616000561
1.94715472318857
2.12466527099541
2.06879426690424
2.13360967593289
2.10916870669501
2.07681713038757
2.05995167969392
2.00295804741366
1.95008805363069
1.92281682602415
2.00035555500037
1.94340633035384
2.3266214726241
2.25881860223031
2.19374914436708
2.13323836425325
2.27403526367009
2.2264055629036
2.16131184633298
2.0981608985553
2.26866457345866
2.25635266052655
2.39613019572856
3.17551328145183
3.19927906686176
3.11070907731392
3.01036731288469
2.94614590880305
2.9133404981801
2.86481620768877
2.79455214112446
2.77980787995187
2.69515492738193
2.77030276325581
2.68764104068585
2.64655570503223
2.56897495132764
2.49544121093066
2.42415317533113
2.35948511807401
2.28654328847322
2.21926519933475
2.1933678920948
2.12439428265423
2.06550494269473
2.01253489543836
1.94630206683256
1.99859382602384
1.9806923234563
1.93603112338606
1.88169924373363
2.06010448234941
2.08388942759653
2.12557622148194
2.09525233927094
2.05525369045266
1.99485419437082
1.93701024000004
1.9975424068372
1.94221585243105
1.94867501452051
1.89932845679097
1.85498005928387
1.81334101325908
1.81976463573646
1.78814491119771
1.75725956257486
1.70751169769969
1.72891650295585
1.68954116853882
1.64438812686268
1.64257714002737
1.6489227361835
1.60171489507074
1.58475058506607
1.59060656446332
1.60454254749414
1.56493704748702
1.52276473716011
1.48381968898584
1.4421348848707
1.40307306992017
1.39697864081562
1.37633464647857
1.39489155438863
1.37290860389144
1.3357035003118
1.30275416087596
1.27113587384834
1.37587080883966
1.3748933769429
1.33924802552092
1.3055730586811
1.87822765934706
1.90670167209151
1.89828870910769
1.84436210437327
1.82629506194715
1.86115954171291
1.8082754306539
1.7567311730162
1.73195605341984
1.74767146241129
1.73246970848079
1.69271041612271
1.65061509056283
1.6103473789139
1.59796406817539
1.65744183984435
1.66629607127479
1.62529466645916
1.59118248379689
1.59155684208444
1.549602734923
1.52996387614155
1.51072720032389
1.52167369179707
1.48867700790257
1.45589894802386
1.41781160104536
1.38104346832054
1.37012578056619
1.34124930837834
1.62028829807518
1.58069062314402
1.57324328166762
1.54541757337648
1.51175507546352
1.47230204162893
1.47144010615976
1.44226169558161
1.42657740381179
1.51968625222663
1.47781477691173
1.88599131519976
1.86129556676053
1.81456148029613
1.78660102814174
1.89146287900948
1.85637131012584
1.80241527666438
1.82268729103819
1.77310036100934
1.73411625274441
1.6914523932257
1.71270912082522
1.67747755377462
1.66899851874475
1.62430227378971
1.98836839993682
1.97178265505523
1.91444841095234
1.86141388857889
1.93075560207243
1.87543838897889
1.8577196954093
1.81173053973399
1.80481548147378
2.16987557636745
2.10680571250624
2.04694841324374
1.99165085143925
1.94455639088872
2.10241952670197
2.04923995033228
1.99497927469013
1.96028375942956
1.98337869050341
1.97198655890608
1.91848033296404
1.87028523208613
1.82999964111902
1.8420541908118
1.81257236584045
1.76531379580714
1.8146682609788
1.84762635437636
1.79593071287254
2.02606390479102
1.97520583722003
2.04168188545986
1.98408034890069
1.95842067019813
1.91860228034115
1.89091781960692
1.8538886738953
1.82261688620416
1.78151789393378
1.7718970513603
1.73084750457767
1.77003667688646
1.74325101518669
1.87513390956189
1.87958148001321
1.83140975770937
1.80887372348195
1.77280987631079
1.79368325337675
1.7540589148669
1.7279439179293
1.70110483944808
1.65864472497566
1.6165125265325
1.58320458121924
1.61504194949179
1.57406010527556
1.65495053537651
1.61125064242842
1.61949725372687
1.58243151997089
1.7014091769167
1.74797686528643
1.70357754399005
1.70202308965191
1.72717917719064
1.69215478179495
1.77702820034272
1.73012039478785
1.70245014643606
1.77882794465756
1.72998253919191
1.68234306168039
1.77584530225054
1.7459381261143
1.69883723018849
1.8446309704174
1.81285567066794
1.76405881596369
1.79544314707332
1.77155224353879
1.72224881641805
1.67496316041372
1.64403107999234
1.65906352061253
1.61588273790511
1.57328547374741
1.69839569233645
1.65804971405089
1.61703761052687
1.59773335107535
1.55556738531538
1.60287351940518
1.56349350447847
1.53849535829054
1.54511920418858
1.66859741153152
1.62728383024841
1.71011650558067
1.67498639434255
1.66349543003461
1.66408182440268
1.63215751094411
1.5886720407948
1.5482732767739
1.54925575510997
1.51045061933037
1.48469402370107
1.47089921552326
1.43934988786034
1.41734533221851
1.49666950292364
1.46329305924793
1.42945670715222
1.39378844103625
1.36276492010403
1.41406633499392
1.5665701500547
1.5261660107644
1.49679414900826
1.46476812467233
1.43963189189082
1.40352839865616
1.44545271891795
1.42062173638195
1.38822932762204
1.48253447321168
1.45637816558982
1.45151641803708
1.50258017663271
1.46363904002932
1.47565298038267
1.47876913689172
1.44223014006205
1.43751449695224
1.4009874075024
1.42306027638783
1.43560455250418
1.39971253401543
1.5427162044147
1.52929270527998
1.51697161084691
1.50127031392169
1.50576196050881
1.48757013462467
1.45944778902778
1.42610170493687
1.39131378847862
1.361536836081
1.35349516073922
1.32485997436425
1.29301222436012
1.26181933159138
1.37613510072468
1.34742196446681
1.3159277470449
