2.56170260299851
2.57434724532964
2.75600207187437
2.94463448238938
2.85815713225012
3.09524351653148
3.39466052964956
3.12375569189677
3.15952493781294
3.19630361294961
3.08247659226288
2.93796115080153
2.51992880749558
3.13846722568581
3.49188625443116
3.32122245805531
3.71730504775005
4.19378120027585
2.89937049632818
2.75470475355818
3.23918569472034
3.98887639048664
4.05132877233744
4.51445724804678
5.22176387914411
4.44973734605837
3.31818949907897
3.64958142306999
3.23991112533888
3.68746214164435
3.75946741243696
3.9887607668788
4.66286944223375
4.3396273370045
4.50286434629025
4.96798086130642
4.73294350212487
5.26526267489267
4.717051511757
3.12054265013039
2.62320196444696
2.7001165943597
2.79585646824511
2.63021761507292
2.69800123563094
2.85129768359326
2.79331328127811
2.67498049637302
3.04093573323027
3.09046786708945
2.86460521606364
2.98607326237153
3.14751669236559
2.81285727645237
2.95399029933177
3.11395828042056
3.65133480660205
3.67799503241186
3.09392971295528
3.39910205799686
3.13638694886376
2.74148261289683
2.7590932412201
2.88477001794854
2.81666545574366
2.64879240042518
2.68541407819362
2.69145333646184
2.76498882072878
3.35074324381345
3.69823402439241
3.74634874133497
4.09008248246068
4.51582072354482
3.49427074844004
3.14594744431119
2.81159928735759
3.21683436571356
3.56061207927384
3.24509901287268
3.62481754888101
3.63156756082835
3.17042493921881
3.53029490479036
4.1535354317073
3.41319373039128
3.79382835002346
4.19028274121317
2.95247604418886
2.76728249086507
2.67953807117759
2.6905392876545
2.8352515822656
3.08422205710526
2.8846059900105
2.88104659537532
2.86338166541469
3.10697957699201
2.96542335096769
3.60951530352226
3.8243503911462
3.88151048122035
4.12830375631765
3.96183871995088
2.80752359611829
3.22335709269179
3.49217595255942
3.16379594879681
3.38093593714652
3.47726655604274
2.47125804680346
2.48954927071071
2.74041453328455
2.98285358865528
2.96128942418219
3.31008708728106
3.55166619009308
3.5533206799757
3.87046500166966
3.60735486636373
3.83769695811648
4.17996152559348
2.88072796192919
2.96309760220227
2.88399259725534
3.01919097271543
3.2916815747653
3.49020106232508
3.59087396610442
3.54488486827357
3.14440832178422
3.30686453821662
2.86393249717398
3.35313383628461
3.68593117613741
3.91273134462733
3.98019233820505
4.10897049393753
3.26803861609658
3.01689587817829
2.61171715484162
2.46247095777955
2.45748303537485
2.73347095364345
2.91164857418139
2.83452000761491
3.0290521332141
3.23242210158545
2.83055679980543
3.03381480226665
3.05551767103018
3.11137302108041
3.3886437100531
3.06263545029919
2.97988815357843
2.95293051951906
3.15555914377308
3.34256624858554
3.31847313126754
2.97889414310782
3.19822094249642
2.96720962202405
2.67487347095804
2.69802553293223
2.82816622233702
2.97260644923092
3.08763864839012
3.1604156187811
3.213842367883
3.38229931403881
2.83203622153909
3.03764411943256
3.23973877857873
3.10100276241176
2.92310076084682
3.13171666510865
3.37428089468765
2.58313425436032
2.42307296924441
2.84343786997407
3.09130604765287
2.86825435219991
3.12427076100786
3.50099313746758
2.75356119696744
2.60372022590338
2.70980654201633
3.21450355424099
3.14382489427865
3.04306358049549
3.23961500789785
3.36774464122031
2.51901092919142
2.40133861199345
2.39061154502456
2.4805416004954
2.70951941404819
2.50263693611054
2.31709587514727
2.50222986630671
2.43696456015824
2.28732185120444
2.34865028346751
2.34669173162656
2.18866984520871
2.19821971510729
2.2789969948581
2.34902543935354
2.37283856171261
3.19627462389917
3.77819479416275
3.33631194306515
3.62029599148675
4.44397026197654
2.90849397544873
2.50333017988404
2.67405197836429
2.84961203497432
2.77716146893254
2.89355718940977
2.628751811367
2.64034743770942
2.67984382384481
2.39266305820852
2.52635047462547
2.4281724289711
2.70511924193685
3.13679649708554
2.64759361327452
2.5140977365898
2.77383379641033
2.86207435575085
2.36289846107125
2.42039743855872
2.3511418669353
2.66890816303882
2.74095254542578
2.34492155882687
2.64657804959355
2.91690282314763
2.01912307490678
2.02458037173162
2.34575278801898
2.65415267014489
2.41467339010165
2.69852326720206
3.11492325761451
2.31233115933231
2.27934758325694
2.27944074573038
2.23158213679727
2.61806152002756
2.966139943222
2.90524148895853
3.30299823720187
3.65855972525862
3.20523244161258
3.10967872290011
2.72182242059518
3.13294207018365
2.89196904520732
2.90698708430572
3.16597787820983
2.49072265529182
2.46814736859035
2.621203603603
2.63375522106907
2.1822312428252
2.24296339888825
2.19962015579422
2.20820428240947
2.23323749405499
2.58210105086722
2.64555055970218
2.24162612252019
2.51747826319367
2.80361114568659
2.43950673457708
2.84754342627653
2.59795531720835
2.71574543786057
3.00270480495016
2.17512308311236
1.9722653408109
1.98852329793741
1.99502681587235
1.96230329748655
2.30934196710088
2.67676570000869
2.33553406283221
2.761787284148
3.22605828804758
2.18968369597732
2.40975812956131
2.63885518833568
2.14161552409353
2.30660356486532
2.43505469346181
2.07277270972116
2.19217554542455
2.08131308815626
2.18402710883813
2.42135366755684
2.19709101252556
2.16862650361321
2.29822720966174
2.32602304772881
2.1611035585874
2.30056042026518
2.36383819096581
2.18955813635679
2.30756698663283
2.46268231664283
2.11066491021498
2.28324424344926
2.18554556895753
2.31476071391068
2.43314404095361
2.15132099227706
2.05939895483703
1.92107459020557
2.12251019445613
2.30752672422939
2.10848032550696
2.59965114980014
3.07803106517571
2.20153901970739
2.48845283550149
2.80666634994005
1.96930366621852
2.00408152896051
2.13348775673792
2.12724235092401
2.09486558205605
2.2079738167775
2.16703367568336
1.94430687820005
1.98444577164091
2.01107526916281
1.99711099724034
1.96714909236506
1.99507296099044
2.07278671029198
2.009523557462
2.10077422200173
2.37096825451596
2.66463866411384
2.53147784977745
2.78067504608559
3.31503256361196
2.63800666058299
2.67710803287385
2.99585101028555
2.91877812390329
2.44231314062391
2.5427170934426
2.17482903810923
2.39584136136069
2.19641782154959
2.31259635681907
2.64078274093264
2.36899841758209
2.67719400281882
2.96070731958746
2.00675945414147
2.06421502121863
2.11052107068459
2.00161124019635
1.99803278347695
2.25681921538375
2.82802696542696
2.82288137315186
3.13395035279582
4.0790535516775
3.73085898251712
3.52631671010755
3.47092389460469
3.16830479342095
2.94902102963137
1.94363694957632
2.14224672642919
2.25776158912001
2.84231597134429
4.35138696281098
4.29065778860772
4.19489484091051
5.53939168179308
3.88048872340759
2.47233617712161
2.54502450159349
2.29652934951792
2.24336137348302
2.77041612752758
2.90595867787588
2.48842797602918
2.90972591625317
3.08454648104583
2.35753621973789
2.55328974178515
2.34940096946669
2.27097965938737
2.36084325992504
3.47012115242635
4.05020226587398
3.25716944174562
4.14982940109259
5.03052429146118
2.30932909277666
2.78683250621742
3.18281048023944
2.99196179764795
3.07775150958312
4.49982030837496
5.59064564839226
3.47962603863781
5.04794484906
6.49490480163243
2.02413434087845
2.68231494174015
3.2372280624491
3.06103885713099
3.45751798359645
4.1616413876717
2.97698508428119
2.48897603282869
2.23245501780298
2.57930007253713
3.31123062724875
3.48481958447338
3.51576726527472
3.90902444418545
3.6086604456548
3.21012607153599
2.49083280794933
3.67764134448995
5.04434565801351
3.82212087179679
4.65977784676842
5.99294999554871
3.08039785614521
2.47740189011894
2.64257748722662
2.69670650384121
3.23254326323978
2.68286453296779
11.1525722253908
20.721822760616
13.4031736362208
20.7541115861914
29.695771499636
7.17499651929315
5.74378369715067
5.00520094573957
5.44363210638272
8.19141754313434
8.79543249973644
7.9845414725322
9.14137987569523
5.08571668578754
7.63421346708663
8.26059772609378
6.3417058164329
7.42234878745923
10.5103234310925
7.97893914757452
5.10016775064135
5.74900569051202
3.91672502174648
3.07284787155363
3.73682438311288
3.17638391155946
4.61342380578639
7.66724754164742
6.68937900136444
7.35102585667695
10.113305794058
7.94458550161368
5.75224360664818
5.94482714833017
11.1926691416476
13.9850212258559
11.2760560144268
14.6901937815337
14.021079490314
10.9049985835128
7.2669043231928
8.98134788168597
5.76062704687191
6.28634007319752
5.12548641701803
8.76416542590971
14.8657697014838
13.9036895979057
24.1377212465359
32.524877979466
18.3963210033325
24.5508037688234
24.3200382358905
11.2013447285696
8.49833603753891
11.3511514854196
11.7164153361702
6.89854366242088
8.48173749002389
5.19168905748688
3.44184968115685
4.16301402107884
4.4740951823421
4.18825300517074
7.1250814382863
8.88178690448138
7.3635853091623
9.64396288694904
10.6039190918397
5.05770156324633
3.47352677844263
4.13017411629838
4.47330815984725
4.88855954744268
4.40485691864871
6.34011247118651
8.42814230318377
5.12146017357986
7.20993015291059
8.48239244735319
6.54947878934649
8.31847743766843
6.6633025674453
8.13263297418598
12.3261376632162
8.38337574439077
8.71286914052227
9.32735695596701
12.1301224401194
11.4921415060896
5.08521553121937
9.49460725865071
13.4946909112872
10.6461187129728
14.2038008699589
14.2524005666033
11.0415879059823
12.096748027142
5.9794791622118
7.6113107592917
5.51398328935788
8.1642854384754
9.15832698277648
3.31699384892738
4.02179492495991
4.14190839111537
3.84412541529881
3.62065308623208
4.22412756064116
3.43728556698479
2.99518400390845
3.23871562742371
4.33924942914211
3.63611997879651
3.54514417142395
4.48267267403159
4.17433483336907
4.14707711436214
5.17679063753089
2.65994187356605
2.99676099122765
3.36517265980344
3.28673194634838
4.87206433567659
4.91459445280364
5.89480792129788
6.94968459426954
5.74141175247891
5.30265522753128
3.20873777326582
4.73406289968642
6.65769121056137
3.64663567694559
5.56526961222049
7.94138701352944
4.22701919690851
4.78262261487225
6.01823682233893
6.26618759213354
4.57921102525701
4.60772987964579
5.32137880818981
3.27776275319849
2.53393691572419
2.48777500510365
2.39490844412359
2.39459694753045
2.54954629565166
3.17654506425348
2.946175069957
2.7857981008672
3.59210291467478
3.35337978147583
4.42639014210207
5.45398479512791
4.60640724395039
10.18328899117
15.685098814759
6.27734866917628
10.4008766429274
16.7436909929747
2.53055328892016
3.19381079638238
4.14114392302953
3.73308571225411
3.21577192571426
3.85411981708591
4.43941033930999
2.71279363038827
3.17920070933009
3.11701938478384
3.00752663645432
3.87608488969033
3.05207575019526
2.82286402931902
3.52719842941767
5.30736947800053
5.90094703736521
4.53941919143121
6.34464791169382
6.47081874671086
3.47890638839147
4.98684931545394
5.68677701827188
5.04673821620099
6.38003793291518
6.50121825143216
3.32384510991464
5.44878127260928
5.37291866762665
4.33797714716105
7.88434360613513
11.5943793743412
5.89424242696316
14.9023000164815
26.9623996728875
22.1601519709269
33.293518124712
41.9327713703915
22.8033096064334
24.4456106078456
15.8756511246771
2.92217038196423
3.87765206391805
6.25201386082093
6.17957499529772
6.203011504529
7.88248099017975
9.23147154175119
8.75592648483684
6.90890917976801
11.0992087372888
13.2310248952354
7.26462827336618
10.5164305940056
7.26618755062765
4.87423646090579
5.60373897108919
3.54273123456948
3.7398307562823
4.30743504010245
3.36615135633505
4.73128317219022
6.33119202078141
5.83574047393293
6.84229927378959
10.1431999167681
7.95158561291979
6.29767985001086
5.08279006836025
7.98414580665427
3.49041284595251
3.62899941428746
3.15790368476804
3.77167456899393
4.1186970564455
2.79249608188747
2.90150458759303
6.37383070438635
8.8524758104422
5.50136301980269
7.04584591572416
11.1552856081576
5.36057401031915
5.58745259906324
5.77930301534521
7.19613856727659
5.4029610675537
4.57724739583651
4.98367802950136
4.56099155440183
5.02707678945429
6.50740659595778
5.65468726409117
4.32905790799551
3.95494352509178
4.37589400073753
4.33606382033718
3.89222077075666
3.7060314804175
5.87182690700999
4.92830855877525
2.70860454654255
5.05723344028807
8.06115964092484
5.42493655243608
9.35482969760415
13.3198108222534
7.04763762328607
7.64103168243123
10.3883451799341
4.04033990826304
4.27437589533548
7.06933472878411
9.06679338832847
5.83146318767622
6.59410899765018
8.81798813863055
6.17852618916569
5.48729828730053
5.04455684384177
7.89093780858955
7.5658271644041
5.62046032416233
5.76535008005953
6.31687680589447
5.04664799653651
5.01528193211644
5.99726666588543
7.77474254918106
5.60568934526998
9.49928881869695
14.4746393213226
6.50009221122527
6.44789020731606
12.9428193917425
9.60241632143448
6.09786165860366
12.8977209751059
27.8358186124519
31.6501495991787
32.5696278123649
35.9990405530637
37.6165213464467
22.986814319822
11.9730087583482
10.1048784169746
13.599874668406
17.7449742486362
17.824922254472
17.6494205525776
17.4543364047617
20.9754795347471
10.386976825361
10.1864446885982
27.5646660783901
31.6301418855762
14.6631280216854
24.0339929735495
32.4400753978171
6.0465581850334
11.4166887633729
14.1828172115806
6.66415163821745
9.49784169277219
10.3327446283001
4.1138404648521
4.74978325944353
4.92315689898634
3.48802521900482
5.69499602724458
8.09455924867407
9.07835547716791
10.3901365672333
12.3514690820366
11.2069406852253
8.93445415471424
9.10355788605858
7.85785138741348
11.1245714702328
10.6461735788131
8.51148598120167
12.1484886889846
10.1656639676183
6.55066246442169
5.21974556141551
6.55420903387178
6.22161507766771
3.44817911309224
2.74950087535602
4.80795262101034
7.11708270728786
4.76734795369952
7.34478861125953
10.1512889606864
10.4525029583913
11.1606814203338
12.6438821926202
9.73584262161818
11.7053688794088
5.51565281051429
7.23532589466018
4.35085888619206
6.13663744761119
6.77526593091936
5.01877502123782
6.50013644108609
7.05184504247486
5.51207588747452
5.34162136096847
5.36430007752368
5.80103569120077
5.5707842949249
4.02659739438158
3.4503115756226
4.26851705886129
4.39331958930537
4.29299631995079
5.46374835121546
5.45707785178508
5.52213092745232
6.13435386808846
6.24411046456631
3.4495531425256
3.51060766421273
4.31370959146565
2.58152910106009
2.40420203645413
2.8208617281909
2.95262342504311
2.63751565410405
2.75107506845494
2.85212936906211
2.17949712857018
2.17965443281586
2.30493250854118
2.8773288569722
3.12992145889484
3.21308992926231
3.59779104672021
4.6400616157359
4.2219508246667
3.62206672119283
3.5676661634991
5.5904021709941
5.96497523487823
6.40736613480257
6.17506225419816
7.11245536844268
6.15919403852686
7.13621677212688
7.25281719174593
6.77198216995093
9.42817896887213
12.1160245580667
7.61262890689274
6.85450051737509
9.22629674478629
8.19507861979906
7.46372786743003
8.54833856448609
9.27655974567543
7.66239225523087
12.0170589220731
7.31571489727659
6.71919150528708
8.54600352961858
6.91090340734261
3.45379995452536
2.66471728203064
3.00089032801291
3.38864604268869
3.24770449334175
3.41461095001991
4.25033049586462
4.34404346051951
4.72859120262772
5.93054395340766
5.44586878471669
6.30493610428986
6.87430607879394
5.02604384122898
6.15814753368643
4.83067900404831
5.81751124202254
7.34213312160388
5.73645448625447
6.96355986408182
7.04616097719808
5.1285273124409
5.31467811162865
4.52946316690103
5.03059564327409
6.15965511068143
4.84139255576567
5.26186568987778
4.22288547397827
4.27592247864746
4.26185819128214
5.80402022581377
6.40834676616815
5.99177825617653
6.58236184458477
5.66883848194027
6.3509064786239
6.92033402135273
6.18415598521681
6.79296553959265
9.84651616834694
6.91165784441526
4.41416009598963
5.48101153606445
4.25350923181631
4.66015905576701
6.15272546983135
6.03162651892749
7.87121395338189
9.65308476228703
9.45614684218084
11.1460910589838
7.3783738355934
6.76298227715539
7.78630515466821
3.41460822199387
3.37300352145914
3.20218763851196
4.02811614402689
4.92378984273018
3.6149296061284
3.70231957695764
4.17351954426725
2.61261676132991
2.59804775127457
3.02458410925965
3.79110799436984
3.66537324549014
3.43617210344057
4.16636865415856
3.68721945379053
2.8997211322377
3.16759022453263
4.93825359844242
5.26312761353084
4.83577731951059
5.92578546646318
6.12987797605339
3.80208651616423
4.58908556285168
3.0540899773481
3.07327236121567
3.95307446741513
3.52048511021497
6.36652682599947
7.94505276844195
6.09116089795587
5.34700798886003
9.73975488231705
4.57289124741252
3.51921271794
3.80776467520409
6.8285887859774
5.30414046713186
5.80089146738162
15.0525091108796
19.7396031607071
12.4514411592001
14.1477262993185
18.5209436024843
5.24039107901752
3.92488082069551
3.7009051706092
4.51093731265357
4.69439870638963
5.19280225766498
5.17682945389238
4.87144471194638
4.14697336139222
5.09356381401411
2.60866114619821
3.0173550463064
2.3418597211277
2.26437448256061
2.58704800712849
2.7197971480936
2.42362464229131
2.48790152502187
2.70624568585749
2.95896506656138
3.56436251957606
3.24148542012855
3.23420848365743
5.44096781446845
5.52846818365873
5.01551782427173
5.39116258203114
6.44085074678896
4.22319389601778
3.92311570951204
3.49773879827352
3.54898466421925
3.21098201449763
3.56522122095189
3.99278493925951
2.82360295117487
3.51282955544366
3.0372069376757
2.93342924566839
2.91725441506812
3.51646903462126
3.14289030032867
2.75367194898054
2.90493270430539
3.59049242608436
2.81472552017638
2.81692453090541
3.35883631945522
3.45849036590412
2.98687676053527
2.95767691023877
2.96785330368306
2.76151301643898
2.195937534557
2.31439082519375
2.47236595340641
2.62329614916745
2.78631783274898
2.78191848146243
2.573988489622
2.68064581217246
2.83408339169375
3.10319356208685
2.7984030021031
2.813689590556
6.58331110330692
7.45610011609802
5.301303486733
5.93514524422807
8.70263951889216
4.03609896240884
3.58108733110584
2.74002031607852
3.19875784373263
3.72430743463215
2.94375475696856
2.86309919537395
2.96769660697527
3.07002853912733
2.80995064232802
3.09598184994736
3.42537647678339
3.17796154107709
3.29087743602911
3.76718361629893
3.05890224474418
2.50935775612442
2.73144965674272
3.08140932751408
2.71879018288381
2.69749431263185
2.62953819776323
2.63260416991492
2.29998125175626
2.31933965870263
3.80020215605925
4.39226709504624
3.60533680014652
3.96345927960518
5.13644522152892
2.40006758819118
2.69887451251173
2.57068741069347
2.4944458926731
3.11034268587778
3.4437248345068
5.40191651030842
6.75022974474495
5.41682596030339
4.95288499218263
8.19129466126057
4.20796865855394
3.16329989073982
3.90894372243113
4.68816568371464
2.72417449754353
2.68793101325393
3.44994767191314
2.85513117621085
2.86744186838615
2.90888945447044
5.6717097465353
6.35395201935455
4.79073353765049
4.83155179150436
7.79795080219299
3.83183041499366
2.89681507494441
3.226767250328
4.00047348343733
5.75238371190168
6.82319164821444
4.53110702452265
5.51899147421979
7.44502461048089
3.80657354678692
4.37407331832712
3.39630226488574
3.94537220867276
5.63471383442927
3.33128256399757
3.10850569844663
3.15656606599569
3.45259794595831
3.17720633438854
2.93984583649125
2.736365554158
3.39445919729935
4.3723177778398
3.51484563326047
5.02656960838011
6.41183601887999
5.34953100675876
5.19461070444858
6.3810182542222
3.49374896383897
4.14551086207994
2.74924258573068
2.98049358842717
2.77470624244808
2.95215347188806
2.85370923536697
3.17233059335301
3.37474287740826
4.3528523354551
4.72925206128449
4.47701864313125
3.96657942963395
4.8476846881672
3.43145001583814
3.09347369152373
3.07792006825012
3.04309976817148
3.23391840153828
2.48748307468088
2.55570648331508
2.86031626103361
2.77185805553275
3.21467392031276
3.56935826496357
3.61457618476261
3.22176088757501
4.53552369591799
4.30173719295053
4.15221671494799
3.81014150766881
5.18451289132706
4.07673170575574
3.66297186307013
4.17657401609094
3.64637271408793
3.98389701701043
4.6933272587426
2.75195041667515
3.9271864894768
4.79767947837637
2.83862961565899
4.20125136271872
5.53329389026251
3.33616347759562
3.86687240520457
5.20571431042773
2.93437611970833
2.68444094382571
3.20389770798505
2.82317461252731
2.64003076898034
2.41550963502496
3.58146990531176
4.13756115669642
2.85907159604759
3.21735012556461
4.05841634846204
2.76666509517892
2.92152023061782
2.74245374459288
2.93810449307379
4.35987972358074
3.71702835728052
3.97698081415256
4.60926076997499
4.62509618252454
3.48008522410528
4.0928805250577
2.66587940557556
2.76438209005762
2.90160172436804
2.51809803719062
2.3224272498216
2.53577218261089
2.73348978150445
2.37250040445871
3.06367473963331
3.22499658296469
2.66543668922199
2.82136383246456
3.17505677166726
2.58293407673462
3.70362989423679
3.73776437143888
3.25157920160217
3.8693836886798
3.95676034609002
2.22743974083977
2.61668387325353
2.76018188465128
2.50443409864854
3.17076536777721
3.7941598461085
2.9130498375804
3.5053643496968
4.0914631597304
2.95248780356638
3.41794349536318
3.36207051652376
2.62441512393969
2.95691427448045
2.84992004722605
2.86449607760399
2.87818812010255
3.45656683054032
4.26249443718657
3.53483818437727
3.38783722069557
4.35511188013719
3.01019339880732
2.78481984730255
2.66617157450026
2.62469373429347
2.32242112209352
2.34569826539458
2.30042390449894
2.1983987986603
2.22802935251707
2.99256587439622
3.06490577006996
2.57871261774559
