0.0416633412105366
0.0457303866812574
0.104670204577816
0.0270369644166684
0.0700715560464687
0.0128054129197046
0.0190222376048353
0.00560095987854558
0.0472023178304876
0.034514286469107
0.0551015393668511
0.0600149204610325
0.0517708983280211
0.141109303029848
0.0883127575234179
0.0678560827498256
0.0286442589114706
0.0239485987145515
0.0371731877791948
0.0871627963221847
0.122019943872599
0.132602147068973
0.0480597696554779
0.116899553142875
0.0103745044863617
0.0371206730028499
0.0220746543609448
0.032626789076399
-0.0255510508507904
-0.0202258107666624
0.0693021987145309
0.00309060917945295
0.0837663954260197
0.12794148661302
-0.0473614329584492
5.57570874790761e-05
0.0350043271325515
0.06901498266532
0.020977848584599
0.0592760821386232
0.0633829380282359
0.079814658848852
0.0827081683396652
0.0492553719757986
0.0251297455501956
0.0255211319189557
0.0317830885182109
0.0686992627828515
0.108991272291785
0.0525767207442482
0.0547382429902753
0.0520235298544804
0.026623330307553
0.111560981095742
0.0369395783836623
0.104687122972223
0.00454502109174736
0.0563721467386195
0.0385488046571302
0.0198993005572994
0.0133551744574142
0.0606050486976892
0.0655528395946004
0.0384620919808335
0.0296810352522955
0.0213592155661152
0.0576261456540066
0.0348549517726906
0.0607530798697269
0.138355370182669
0.103076027378966
0.00581604391620202
0.047146613214997
0.0459983641933912
0.00644521756862301
0.0658323207111398
0.0109557608580489
0.00802942676235346
0.00946063215915745
0.0554689981859313
0.00302613655640793
0.0590395042025226
0.0464339116918539
-0.0207308254250964
0.0995722821706851
0.029282237147842
0.047470101521133
0.0658813136887056
0.0452283556532562
0.0190257346537838
0.0589094031512744
0.0875717564874233
0.0501697262127278
0.104535229047864
0.054336992383688
0.0771485886446215
0.0600441335302703
0.0943534457960873
0.00383021320420374
-0.0160019340043637
0.0814895762353169
0.066876925330472
0.0897333071365568
0.0811564829977596
0.081748727190265
-0.0111051829732891
0.053805066750739
0.0390114956805425
0.0575871813801461
0.0461099341350903
0.0552032166031987
0.0677496866312438
0.113769533197725
0.0859727691455803
0.0251082086528845
0.020362514781876
0.0699539016891833
-0.0225974062151895
0.0317837268965558
0.0931595334146527
0.089238731173358
0.0592225179708575
0.0370948380692436
0.0940480842448493
0.0295850306979652
0.00489818683792612
0.0873686162729308
0.117278139812364
0.0562620017564665
0.0332403204622467
0.0707941297210807
0.102166012208458
0.089597320152106
-0.0134933389774728
0.103763017439508
0.104726432073962
0.0868360839890626
0.069762615497908
0.0699433060990725
0.0465668024030966
0.0617101214307165
0.0726888730660835
0.0659894595587008
4.78191599282002e-05
0.0806213390860726
0.0418594052068679
0.0802168932192774
0.0426230423989577
0.110702888195563
0.0135579855279266
0.0850447877658836
0.0435541903378993
0.0910598324917974
0.0206802110167241
0.103666907769697
0.0485302486026319
0.102126135773708
0.0961705005956776
0.0803597924780105
0.0421998811847978
0.0271451339894159
0.0248996217291857
0.0655652706156909
0.0945931766924413
0.0620150763442974
0.104681251888516
0.0474241074426367
0.0889170845995713
0.00417973541332553
0.0683592340624098
0.0364033572308003
0.031863252005381
0.115556676294766
0.0209827462489315
0.0516393941951784
0.0450224230832676
0.0734809966806659
0.0369160729366649
0.0469216996293166
-0.0208645463158712
0.0671850530417065
0.0716673471005507
0.0602728712060468
0.0914589511570008
0.0435268504375375
0.0296408808578256
0.00933376052479056
-0.0217394309310611
0.012978294812595
0.0416393299951128
0.0401314828699332
0.0584551877672375
0.011536308918066
0.0825858556451396
0.0452559991016208
0.0761276315423338
0.0184209719246269
0.0566263530518735
0.028989208586102
0.0175363652630175
0.0317022004891183
0.0620419211659467
0.0392226374399799
0.0483621590667843
0.0389625074631235
0.0261583827838525
0.0819191579341042
0.0763005434318799
0.0490726435751315
0.141615720145355
0.0925502293240345
0.0619455512134814
0.0369299979935836
0.0872108586763918
0.0652588714299919
0.00977838286665937
0.0737378828448567
0.0187277929762294
-0.00404983155351633
0.0529072160513689
0.0334310980997688
0.0463958447993818
0.0270092952265721
-0.00944734396080445
0.0270563655499837
0.0666753421107669
0.0727188891942768
-0.0127869084777745
0.0535707997112618
0.0213994324854466
0.0765758280801221
0.085128286677726
0.0233407742768396
0.0429981455014234
0.0341133250266921
-0.0160476091777245
0.0448714927545369
0.0547050369596452
0.038057361158797
0.0515126542623783
0.0517611133247443
0.0504878668033767
-0.0161832858256382
0.0275509950342865
0.0658492827343486
0.0765023456333472
0.0358897271626155
0.0844165686818204
0.0309822236231909
0.0588481180535765
0.0472624110258093
-0.0159109928175621
0.102731441686548
0.109999117654371
0.0485126822068806
0.0211353957111487
0.0968312486681296
0.0823672252436623
0.11104337365843
0.0416625110082528
0.027521183507762
0.0738848289525427
-0.00197429904144092
0.0292810193236649
0.0744323071087423
0.046080068593024
0.0430515273361695
0.0598405003600557
0.0169961743906269
0.0197480332282396
0.0396351892158503
0.0534116070604996
0.103468504658199
0.0545399895809693
0.0316505912596722
0.02702836793165
0.0715365130744314
-0.0127901110406717
0.0211122870828572
0.0571140688310464
0.0413494355596147
0.0429444589384287
0.0611634316505653
0.051661780183607
0.0356615501165907
0.0517353752828623
0.0496443241190583
0.116230376376586
0.0695756869888318
0.0335498761370616
0.0869045880686876
0.0405344701962838
0.0344067559597516
0.092263731714269
0.0551456591381824
0.0353897896065103
0.0546722739363562
0.0461085694520493
0.00899003794962786
0.0616286921622965
0.0546036298649369
0.0290159691664823
0.0155668934603301
0.0281588869569085
0.0708477528924011
0.031026638118285
0.0289723493783032
0.0504718831540526
-0.000125970082083281
0.0555905622714654
0.0287432744349325
0.0462784095331702
0.0528933490220218
0.0841888906619269
0.0199156290487093
0.0690848043337331
0.0505534789299647
0.037985350377939
0.0435005275667173
0.0475764532278002
0.0379515300504392
-0.00611737113531729
0.0461833205091481
0.042733491193947
-0.0151953267535635
0.0354680643307013
0.0461188731619536
0.061030929045992
0.056925164487713
0.0329996484892556
0.0233427534807943
0.077478350902289
0.049888890576102
0.0330219679255642
0.0673525350088957
0.0501576925076587
0.057450054604757
0.0464593846539889
0.0700453801519372
0.0560461878015888
0.0432874489067251
0.0581252041075466
0.0459113664564856
0.0738444448075408
0.0211967806036439
0.104404537342472
0.0362614927965599
0.0687892603327165
-0.000243286593917903
-0.0198644021061108
0.0435771110705198
-0.00229171348557441
0.0467724301799438
0.0804110053826021
0.0717026407367611
0.0384657810663718
0.0505197996789432
0.0588677793366512
0.0583271156213135
0.099561537505602
0.0442235412782301
0.0232752220872425
0.065077256185463
0.0503816305656294
0.022666423802533
0.0262214993483914
0.0232324737879759
0.0572370764996718
0.0298197556012097
0.0952866495345014
-0.0187545487946256
0.0647709405794558
0.0948030484689921
-0.0151036023158097
0.104269932461663
0.0452897680837725
0.044706447827819
0.0170274656687883
0.0328404276311016
0.0105331465147657
-0.0130816849888597
0.0347924324401308
0.137703327507041
-0.059324642178313
0.0728246131322283
0.0743478917186305
0.0552137323043438
0.0288900781263599
0.0708119696308867
-0.0104157639106619
0.0521974840332149
0.00810238997923281
-0.0374907919362094
0.0491923465250072
0.0805599201965612
0.0560504109790678
0.063906031100024
0.0294603208667832
-0.0135523044575455
0.0405079336140871
-0.00436172150059682
-0.00443865774721227
0.153532017742653
0.0458322437372355
0.0198484321355864
0.0774245070989137
0.00849985990412786
0.0854113158351207
0.0868764322442376
0.086599824127958
0.0264199174032513
0.0305934429500906
0.178584175986822
0.0295888518661994
-0.00887872743057305
0.0253475167451766
0.0283064398592745
0.0234810464038705
0.114897304490574
-0.035625262067954
0.0687240615265382
0.0259260172849386
0.00848182399688599
-0.00636599005280709
0.0685001273651941
0.047800274030482
0.0955946823210327
0.0896403462427413
-0.0394694317236928
0.0563712318912709
-0.00763969936445051
0.0768721330839501
0.000763062586506043
0.0558326485494778
0.150902174347484
-0.0490671781713046
0.0312664851962869
0.0684086793535068
0.0234655461144163
-0.0230422920698062
-0.0188858344928171
0.0544200119954955
0.09686494360837
0.0393291166111071
0.0209609918071482
0.378015502969559
-0.122739528016138
0.128087226693711
-0.00509976739391246
0.0501951181703796
0.0710607941186309
0.169260142985694
-0.0225941679646501
0.180922879055607
0.0761017705538495
0.144592147352104
0.132401495098429
0.0177658161429006
-0.0134874807010872
0.166601080218927
-0.132900761972701
0.0991372900156388
-0.0975227214365965
0.101317199477597
0.0201574609035395
0.0915049724217574
0.0934295973210923
-0.0139945775393344
0.0764389174361284
0.0199538809664826
0.0606392006048953
0.206832916370222
0.171762854910135
-0.0331344247505338
0.0105022556436339
0.0515596007635651
0.190601976935623
0.0338084307367284
-0.172207119182204
0.188945549794625
-0.168384549346791
0.0212180251898964
0.195589573940469
-0.0851334444309591
0.135621116915203
0.0781672565375494
0.0562981260977977
-0.0646326992840058
0.165894153575371
0.0144660141797329
-0.271804494006701
-0.0760471492711981
-0.214804839705511
0.348982428976013
-0.129564028578274
-0.0645350966290526
-0.059941105680479
0.222958388191536
0.107350860156503
-0.152784217523327
-0.0892836777727427
0.0203911122157515
-0.0302019149936446
0.115817252329669
0.0889622374624971
0.0785897768188824
0.083994773733208
0.0320900023996023
-0.104620848174386
0.230373688213588
-0.104602361552113
0.0309455056760377
-0.0525119538004842
-0.0568248715763056
0.0747777862879084
0.103725968350396
-0.012632664720379
0.148862856412014
0.0259415006845154
0.105218168425176
0.197563624467099
0.0970790977465722
0.0520606996686256
-0.0853122293422627
0.0750796214037148
-0.199587943258558
-0.0527706760145277
0.012917701482841
-0.111347021765042
-0.141439994945976
0.205016040521504
0.0310726212777959
0.099146810110683
-0.174770214139802
0.0881993860037673
0.0160387748105305
-0.201881816294776
-0.107508873709155
0.267835624339778
-0.0100255120532594
-0.0429919151019994
-0.00173835840009868
-0.0797259525822017
-0.18742489192346
-0.00282372901529898
0.0799433587344708
-0.0237849830081427
0.0903590720863736
-0.0419511729421144
-0.0836063021286133
0.0545859842188751
0.0271525621724438
0.0124706815262173
-0.0793437401898713
-0.0476140138926329
0.0466426650442278
0.0307410907599439
-0.0726486359877763
-0.0141078869478893
0.138551491876306
-0.0102039901986138
0.0262660875345136
-0.0731972570618594
0.0325051527747415
0.0551262392931724
0.0293273566615774
0.033221226344022
0.150417327799256
-0.0913814836932674
-0.0875016595935902
0.0777751876382586
0.0175218594135499
0.119720534574979
0.0488294034232331
0.00634857968068249
-0.14324762859197
0.0245595559408856
-0.0480393562759764
0.125717267402769
0.124931569032535
-0.0536174479096118
0.0829421589084346
-0.111222572677935
-0.0626131750034423
0.0599720089999058
0.0692283386355756
0.046109296953821
-0.00907503237638461
0.0219768197764221
-0.0137008697356453
0.0715992440471111
0.0148647761409413
-0.0630741621445554
0.0647730245206005
0.0543768447763477
0.0234684264557482
0.100087356214909
-0.053657773690746
0.181044247636045
0.0190165115340137
0.0170104689068022
0.341457643501353
0.0331620452146115
0.0713908910099858
-0.0729768679980072
0.0214982799120351
0.0589440896256012
-0.0458492606363515
0.14396552315327
0.0570024466416362
0.0189908646314528
0.0750743535602969
0.000908808329160078
0.110778314104142
0.0759051131882005
0.0410218499836448
0.0774792328585534
-0.0345965217850628
-0.0509632492786959
0.0365691389253406
0.129032742450581
0.175280978060095
-0.0347295988782166
0.0636079698631891
0.0553417748808836
0.0811138466225083
-0.0810175006410473
0.178075845526779
-0.00713961525261833
0.110250713899957
-0.0135466202518809
0.0703323398889938
-0.0581973267278173
0.185705080883426
-0.0227312839351643
0.0785990548446674
0.232556425501074
-0.100371811038749
0.0835223662549693
-0.384879649486319
-0.220128547039767
-0.294963057054866
0.322704330619764
-0.058255135990211
-0.0280349765949914
0.0712588858795534
0.0135078089195928
0.0216726342199425
0.160423792834768
-0.13493740954673
0.121102110287716
0.0662998640900919
-0.0386720931641732
-0.198222853934718
0.0330503792343825
0.195427911268034
-0.154888711503392
0.0833390559176691
0.127140386725975
-0.0251448101400425
-0.0551626142485671
0.120512676928085
-0.0568844690009985
0.0243410090331054
0.0422685874274827
-0.0574563412263395
-0.0493808345370587
-0.174623418973996
0.0730025449402006
-0.118590177234971
-0.00182927595670458
0.220974055244631
0.0501776639926885
0.0148601929061227
0.0337893573007458
-0.0605845852413255
0.126775605803751
0.0410876854354277
0.0417459779974893
-0.00329190192628276
0.0794316540945882
0.0664089121734642
0.0814446912315556
-0.226404855255762
0.00304693429440487
-0.031014262326717
0.0513056811741795
-0.133030239275898
0.146667006704514
0.109442240053971
0.0921513208734121
0.0494479922313799
-0.0174277999551728
0.126650411210467
0.119188693599248
0.10512051747352
-0.0791788204123262
0.11250029446502
0.00572180504747703
0.032978699370692
0.0272559040427109
-0.114375773828624
-0.0872976401950359
-0.000983273212881738
0.014351819879545
0.134379597034851
0.0197131966670859
-0.00377842600417295
0.194743413011833
-0.0968832424918789
0.122857937920454
0.245410543760902
0.0261327842674808
0.0479625798499092
0.0528895662477226
0.133039856763576
-0.0653035500845914
-0.0999528884858036
0.20977776285588
0.072945407532941
0.0336877576399777
0.00754676001056975
-0.145017305706257
-0.134835109256767
-0.0532620695437357
0.00877677055502835
0.142916009050929
-0.103093830495439
0.14505287442518
-0.0388742697509162
0.00944952482830001
0.040077607937193
0.0966623684413802
0.234634132478909
0.0893695125533207
0.0208996862674957
0.219423096517818
0.129536966246127
0.00274443185308577
-0.0822690334754678
0.23638592448717
0.00701005418518253
0.13490708462745
0.271018241338556
-0.422141416369444
-0.325404836580366
0.238409235983614
-0.137478400407794
-0.100878421670225
-0.105847570449031
-0.0410375597308526
0.242047685150067
0.219920617966398
-0.296271808799778
0.0771166216281503
0.116077380224366
0.169024818708332
0.252245765688389
0.0768821384863081
0.19089395088948
-0.470758242455735
0.00535476499627821
0.0611649405529811
-0.217870027594516
-0.0102607944787595
0.155150813598325
-0.239929431523119
-0.0487165549494812
-0.0303639374051988
-0.11107753625047
0.0399026511676389
-0.113029164142328
-0.0722794223777899
-0.0255158746623694
0.0155277015517731
-0.14987113459986
-0.209461646741498
0.158947184853676
-0.191049538540568
0.0542776847181529
-0.0650799103706632
0.149266224265335
0.0990157914900792
-0.228088836120461
-0.172941193504151
0.0828521865263251
-0.0427488109814626
-0.147480039881662
0.172671462301297
0.0391530092642673
0.00483253997955147
0.0122816589971986
0.121128464904125
0.00117031276417078
0.00234193020012638
0.169228290058443
0.118899940853639
-0.0163738660930632
-0.188950544819986
0.0542917377763079
-0.243074668340465
-0.0562103511781404
-0.162730756170677
0.0441647341772143
0.0303464241066744
0.109640695309966
0.0603775528475801
-0.116825148509651
-0.133403627199559
-0.041051304030095
-0.0404872195127727
0.101729274778742
-0.118357009068878
-0.102289592471183
-0.050950656557175
0.0156663755788175
0.100552066291169
0.1008097702203
-0.00595427874270822
-0.0402551079312939
-0.0220035311958775
0.109764603709851
-0.0991816521953648
-0.122435379911664
-0.0316452492651729
0.0448244631320237
-0.114373598771121
-0.038566120788629
0.0158348602593143
0.008608441596622
0.0381783809130615
-0.0186261279503771
-0.033923822092782
-0.0624917410225631
0.0135380303656099
0.0179457684028326
0.0071177768484016
0.0235791040551894
0.0135143025829234
-0.00447326063777307
0.047272806620376
-0.0703956572108925
-0.0395277409756909
-0.0509009983092395
0.0564597053278785
0.113434033930687
0.02115751016742
0.0358501895381398
0.0431814203988591
0.14008507505678
-0.127607730684718
-0.0933145314562698
0.0458819620367326
-0.0136660366955979
-0.0639251318598305
0.192998273841646
0.106684910054486
-0.111564392989944
-0.142419084993968
0.121542189734003
-0.0433324517854755
0.0063324980050635
0.186376138548989
-0.0572027506582174
0.185778269330097
-0.0161271846830242
0.0579196361440415
-0.158205004967412
0.172679608357999
-0.0725970939119099
-0.0171924426616847
0.0641359521481123
0.0541965400761737
-0.0206943719465448
0.019942882217554
0.0516819884541477
0.0955841000820872
0.0214128617978142
0.0918352024207321
0.0727662301185244
-0.0400549054777136
0.143845995083575
0.0527585213270696
-0.121442865611914
-0.0946637587949989
0.0131886275091623
-0.102543000869389
0.0240396499276262
0.0947591024497539
-0.151502145904632
-0.0793066287613055
-0.0903473156195369
-0.0575087762376633
-0.010593114674422
-0.0967685814039753
-0.0152701404963964
0.10965307430079
-0.0694968163504104
0.102106760310162
-0.0361928109577803
-0.016943664341604
0.0546414777916784
0.0525682583970213
0.129940333013627
0.121847935982054
-0.0953869183438152
0.00399404518295146
-0.0251709329936086
-0.0457704632712116
-0.14824400809902
0.135881726065191
-0.0249488363221765
0.114602396463177
0.108931458061481
-0.0229093911140576
0.0749705810557843
-0.0190197084145381
-0.00818328394323259
-0.145339827129061
-0.0698452546971483
0.143680558177937
-0.110041067419918
0.101243232478961
-0.183851399430745
-0.0558853876560767
-0.0275522481364833
-0.0385221081811571
0.0121542236326172
-0.0795798371383055
-0.0400028095462735
0.0481474674253797
-0.106364959799631
0.0426645816252651
0.0464367451348351
-0.016452272046462
0.00874726281793985
0.0315885617758049
-0.0222642405346155
-0.0882825468462624
0.0841945287250789
-0.0276939866428319
0.025452698842811
0.0418239886603288
0.0578668913094213
-0.0384671828678169
0.0757413100028727
0.135799026897342
0.0132197500293822
0.0995585941493796
0.0511362397028186
0.0455632957373483
-0.0680650444732387
-0.00746911809052488
-0.0233811588737351
0.0496769380190382
0.102123209957001
0.00665642664502533
-0.203405965012999
0.019139157709812
0.0116152457635333
-0.0220256197578522
-0.140072172813846
-0.039219877456698
0.00543899020706197
0.00152924916769142
0.137696989221604
-0.0755735803206954
0.140873430135398
-0.326166449067422
-0.114272976981719
-0.0425131269002135
-0.0074185303716446
0.0599085733373278
0.081674735531431
-0.0780787338570836
-0.0477377474900011
-0.0923906448264991
-0.0107025266517521
0.132911894347346
0.00829581223009923
-0.0709526766911923
-0.0167484172398327
-0.00907876185590529
-0.0197872966195863
-0.0333753299608194
-0.00651739563269389
-0.00138855712112655
-0.0607754764505572
-0.0121298097994147
0.0178594789256554
0.00206634525116762
-0.000950446421957746
0.0924430032373265
-0.0652479357112304
-0.0348738313507038
-0.0162780101091608
0.134059132295962
0.0761763428239012
-0.10145055909611
-0.0525580795075879
0.0420723743888938
-0.00114877459593018
-0.00871579047788686
0.0921410669276855
-0.0213569425909282
-0.0714253233013994
-0.0217824586092608
-0.0280171724855739
0.0273777237950162
-0.0654877094446856
0.03912994379343
0.0346542576552289
-0.0116983015168274
-0.0667805322677632
0.0211293983253855
-0.0183656715299542
0.0518334930992226
0.0529171010224175
-0.0119433484280955
-0.0428101285716189
-0.0538886056161514
0.0603647479705037
-0.0178131689255443
0.00770413935154124
-0.0154561776836412
-0.000977744757395149
0.00238230975850289
-0.0422159284009904
0.034153963963081
-0.0544099284784745
0.034865010245132
-0.000961870094830009
0.00501922877023573
0.0146474016203989
0.0851672862914087
-0.0504667300859734
0.00984937285847029
0.00534968004147587
0.204080674723881
0.0708480353089504
0.0578117053535103
0.00613144990738487
0.0492391963112137
-0.0865845362098264
0.00689282314434683
-0.00268573210465047
0.0389960754311236
0.0616723320316341
-0.0533684138553906
0.0220130282972564
-0.0222151790210499
0.0142969441979874
-0.0498290882049786
-0.0846508840981038
-0.0608345256581717
-0.0194721149774738
0.0219533691210814
-0.0559918796714252
-0.00952480108893919
-0.0384915105071028
-0.0370183305094262
-0.0550792458293726
-0.0206332069273905
0.0177211591376613
-0.00408177616538256
-0.000106494967933616
0.0327739994864706
0.0147409572928657
0.123611007860341
0.00840467006519673
0.0399098376540875
0.0226361135970254
-0.0243906286410942
-0.0074453474984787
0.0385279303827581
-0.0278697242394148
0.0278564974075064
0.0722425966624684
-0.0162886511845596
0.152798505636017
-0.0573394279073234
-0.0228979653629414
0.0311388603302669
-0.111496131215692
-0.0422888663113243
-0.00826005635470443
-0.076315496914748
0.00543347044534959
-0.0354238733211091
-0.026254591901772
-0.0724644172698063
-0.0330667119486479
-0.0541766571499415
0.00116335419077257
0.153209813974953
-0.0692861057326647
-0.0080592670161691
0.000990632953400563
0.0826581486275486
-0.0118891790547605
0.039685850259454
0.00938899212358009
-0.0634951269811626
0.170748035211525
-0.00389554824997917
-0.0237320875343161
-0.0280533708364116
-0.0372617168009043
0.122118176878582
0.010016938310413
-0.0326226753276342
0.0318723030824433
0.0664946227043671
0.0462818960281215
-0.0275853589693566
-0.0322261635036165
-0.0397919125520852
-0.0770743807184976
-0.0475233087161681
-0.0229333602351239
-0.0919498880404315
-0.0833543708739019
-0.00777792450157828
0.137026339590753
-0.0396704052894989
0.0903639877839846
-0.0233775307819175
-0.0591952475967704
-0.0433703341068756
-0.0518627106040343
-0.0413725939810478
0.0308814855594578
-0.0352873933350874
-0.0594712773493378
0.0167199242930979
0.0666952729019256
-0.0503760393522625
-0.120274661845206
-0.0654922261392524
-0.0248654644518475
-0.0504122531022405
-0.0353115466522308
0.0648778814951748
-0.0333773619607011
0.0343973094485463
-0.0431051971897833
0.00830382794169029
0.00984446922424578
-0.0329240717007372
0.0623374712501804
-0.0230944097327988
0.0819579760889797
-0.00568015995250707
0.0472601951680211
-0.0318774821639244
-0.109528159692696
0.074913999623973
-0.0277908772089199
-0.0634736356747264
0.0621013347472564
-0.040947622812081
0.0857186199071721
-0.000352574379552559
0.0258439997174292
-0.108032609243612
-0.0153192173969811
-0.0106735063409253
-0.111048326001359
-0.0457089220411505
-0.00468256498948586
0.105103210331973
-0.0539333033587136
-0.0213871310262346
-0.0863714634562446
-0.0508434672012768
-0.00902296684944028
-0.0107048035422056
0.0206048558911067
-0.0758949278290821
-0.0186788622585807
-0.016194292057905
-0.115232627164501
0.0157106262076871
-0.0245658346804087
0.0329796140454893
-0.0145792703561954
0.0688293110916447
0.00334606221860881
0.0229787948609987
-0.06711359940345
0.101222626393084
-0.0318083081940284
-0.107753638823778
-0.0364851512343332
0.0413076202505336
-0.0720114597245977
-0.0396623978439903
-0.00971872127189301
-0.0205941375197501
0.0448745628443169
-0.0235064307505727
-0.0409022428022584
-0.0507989397460672
0.010811710500045
-0.0432580053052073
-0.0971764075865177
-0.025556760016439
-0.0229845310610564
-0.00166259753745614
-0.0240258394615567
-0.0809731086470774
-0.114041182464263
0.00379269895478392
0.0185801471654688
-0.0278889644049011
0.0215061251591772
-0.00775808161640598
0.0601299054495261
0.0155676110627666
0.00442011276153056
-0.096274040008966
0.0235994574070961
-0.0531426860309928
-0.078527305698819
-0.00366338662014
-0.0597405289871272
0.0486902241602739
0.00343726783869459
0.038529040931729
-0.0103163828278305
-0.0611450291495277
0.0481862269419369
-0.0140301297099494
0.0948200454725317
-0.0503413466957999
-0.0455507973699006
-0.0416269328197763
0.0449932265685856
0.0261714732438239
-0.0320958300365207
-0.0207706824191775
0.0038310777555494
-0.0226145962895628
-0.0414736482323123
-0.0192368933866207
-0.00944441176762141
-0.00329627745933672
-0.0908753325912741
0.0177018841695659
-0.0133402279131497
