lpalm	lcrude_brent	lcrude_wti	lcrude_dubai	lrubber
5.783825182	3.062923523	3.066656612	2.941803932	3.940610462
5.799092654	2.964241606	2.979094632	2.958030406	3.958333908
5.799092654	2.90416508	2.891482252	2.862200881	4.007333185
5.814130532	2.97603964	2.985681938	2.888703701	4.040240303
5.791488055	3.013080912	3.015534901	2.959068289	4.063197833
5.800606659	2.97603964	3.008154794	2.912893995	4.06988109
5.768320996	3.02431973	3.066656612	2.965273066	4.078892458
5.814130532	2.986691529	3.040705639	2.937573359	4.074481933
5.814130532	3.070839746	3.107720776	3.000719815	4.092175545
5.82156551	3.123245594	3.17262244	3.101442728	4.153870542
5.828945618	3.171364842	3.197447877	3.153590358	4.240895005
5.809042985	3.222867846	3.24102863	3.173459961	4.250350663
5.790265935	3.245712479	3.266141017	3.196630216	4.229458036
5.828945618	3.24998682	3.266141017	3.213260086	4.210199815
5.850764665	3.118392286	3.157425863	3.154017253	4.202301704
5.836271658	3.26308408	3.274499729	3.195811885	4.162158962
5.957649199	3.280159053	3.300271463	3.198673118	4.145671189
5.879135362	3.269188639	3.286534473	3.18138162	4.143610804
5.899897354	3.267665989	3.329343278	3.226050029	4.162158962
5.906723319	3.244153632	3.338967305	3.23317313	4.178379291
5.966146739	3.185525845	3.284288963	3.200711854	4.223763343
5.991464547	3.168003494	3.233567374	3.152736022	4.261552481
6.052089169	3.145444547	3.207612633	3.156574799	4.312274546
6.040254711	3.196630216	3.254242969	3.167161389	4.399989335
6.001909805	3.197856458	3.239070532	3.173878459	4.474605816
5.970496241	3.243373296	3.289147878	3.203559121	4.425445255
5.946728653	3.251149385	3.290265821	3.201933104	4.419201988
5.985194934	3.271088696	3.314549575	3.205587931	4.407938016
6.003887067	3.289893312	3.326114576	3.226843995	4.385271365
6.01615716	3.228826156	3.279029748	3.198673118	4.35195395
6.052089169	3.248822901	3.291010423	3.199896858	4.345232974
6.03068526	3.244933359	3.291010423	3.19047635	4.395066248
6.069582326	3.30981282	3.375537635	3.252310601	4.427
6.063785209	3.302113423	3.400863993	3.25347047	4.423888089
6.034284544	3.314186005	3.366260812	3.275634159	4.48661185
6.022236206	3.343568269	3.384729189	3.28765534	4.521462437
6.02827852	3.357593744	3.395514599	3.307619035	4.515792375
6.02827852	3.347444926	3.389462125	3.298056623	4.462569217
6.02827852	3.366605937	3.418709807	3.311637305	4.461068842
5.961778237	3.347444926	3.389462125	3.304686481	4.459566212
5.985194934	3.339676525	3.379633204	3.286908235	4.445705411
6.022236206	3.342861805	3.386422096	3.295095851	4.419201988
6.046189447	3.253856794	3.299164656	3.21647294	4.425445255
6.044294161	3.229617921	3.297317251	3.168424281	4.441120674
6.081076706	3.163363115	3.251536607	3.100992784	4.445705411
6.092440464	3.136797714	3.238678452	3.110399349	4.448867192
6.081076706	3.222867846	3.32251486	3.200711854	4.434856248
6.092440464	3.228033763	3.291010423	3.17722015	4.453416631
6.114787763	3.252310601	3.29694736	3.18428438	4.442651256
6.114787763	3.328626689	3.34603697	3.233567374	4.436396442
6.142037406	3.406184923	3.420019136	3.274499729	4.45190245
6.152732695	3.448398983	3.48676327	3.324676244	4.458061321
6.114787763	3.471345142	3.504355474	3.291382516	4.471638793
6.125776885	3.413455279	3.452840615	3.295095851	4.501253073
6.114787763	3.465735903	3.52282487	3.342154841	4.504133642
6.114787763	3.440418095	3.55477647	3.350254903	4.504133642
6.114787763	3.447444633	3.511843902	3.387098457	4.511408806
6.103676538	3.483391619	3.556775613	3.385068	4.534318445
6.092440464	3.510649515	3.600321427	3.42165339	4.532922022
6.125776885	3.491951745	3.604410297	3.398527153	4.559440334
6.109247583	3.521938999	3.604410297	3.411147713	4.545526333
6.075346031	3.551913599	3.631250341	3.402862661	4.551136297
6.075346031	3.437850699	3.566994266	3.383372797	4.562158295
6.052089169	3.219675505	3.302481409	3.165475048	4.539884719
6.052089169	3.310543013	3.408172995	3.235536266	4.531523646
6.040254711	3.227240741	3.346741196	3.14458322	4.518631425
6.040254711	3.203965212	3.342154841	3.136363403	4.493903374
6.034284544	3.219275745	3.404525172	3.168424281	4.480626851
6.034284544	3.172203417	3.255014871	3.147164977	4.454928523
6.010040933	3.159974717	3.248046202	3.149740086	4.427
6.022236206	3.225652809	3.319625728	3.171784217	4.414372811
6.075346031	3.302849259	3.369706715	3.196630216	4.433313679
6.081076706	3.290265821	3.392492941	3.224857897	4.470151974
6.081076706	3.287281858	3.386422096	3.231199575	4.464067345
6.057954288	3.343215099	3.442339325	3.246880021	4.465563232
6.057954288	3.303216973	3.421979921	3.235536266	4.445705411
6.109247583	3.29694736	3.421979921	3.231199575	4.430221384
6.063785209	3.316365446	3.373483543	3.248434627	4.414372811
6.063785209	3.321071337	3.414113607	3.272606147	4.419201988
6.052089169	3.374511116	3.444576105	3.301008654	4.459566212
6.040254711	3.375879574	3.464485121	3.298795448	4.473123405
6.02827852	3.34603697	3.411477691	3.280159053	4.485034385
5.966146739	3.408503957	3.472897696	3.285038027	4.507116246
5.991464547	3.410157123	3.472897696	3.337192052	4.528613063
5.991464547	3.375195579	3.434309733	3.314913013	4.545526333
6.003887067	3.406848053	3.454422143	3.328626689	4.552507533
6.086774727	3.396854632	3.458207636	3.319625728	4.579852378
6.046189447	3.314913013	3.364879119	3.23277873	4.589244035
6.063785209	3.283914221	3.341447377	3.235142797	4.619566066
6.098074282	3.233567374	3.293240907	3.193763124	4.666453414
6.136646557	3.301008654	3.339676525	3.231989464	4.722953222
6.120297419	3.381334753	3.413455279	3.278276168	4.744932128
6.109247583	3.443937535	3.466048354	3.326473835	4.790736473
6.214608098	3.399529325	3.421326753	3.335769576	4.841901011
6.272877007	3.38269391	3.400863993	3.305053521	4.89447594
6.263398263	3.341801172	3.375537635	3.269568939	4.937849524
6.199494461	3.354455119	3.425239376	3.304686481	4.954699662
6.234410726	3.394172767	3.47537678	3.337547355	4.853279483
6.224558429	3.376904689	3.473828073	3.354455119	4.785322725
6.209595557	3.357593744	3.412137322	3.321432413	4.763113664
6.234410726	3.366605937	3.423610976	3.309447523	4.759692225
6.224558429	3.417398761	3.498324092	3.339321978	4.807049242
6.244166901	3.4190373	3.490733347	3.384390263	4.833579847
6.204557763	3.382354294	3.496204485	3.3130945	4.82518886
6.204557763	3.388449809	3.481547734	3.337547355	4.818828898
6.18929029	3.46260601	3.537475	3.38269391	4.78423645
6.209595557	3.456316681	3.559909073	3.339321978	4.776430795
6.214608098	3.449670035	3.553632305	3.380994674	4.775334813
6.234410726	3.381334753	3.50134433	3.325755186	4.797277044
6.249009525	3.369706715	3.48093235	3.318902139	4.794053501
6.268148865	3.440418095	3.541249137	3.351306612	4.817697585
6.327936784	3.446170747	3.577947893	3.383033411	4.836678654
6.323462503	3.503453082	3.585738695	3.383033411	4.876570426
6.323462503	3.536019607	3.619261387	3.423936869	4.865532448
6.309918278	3.501042717	3.589887505	3.431403224	4.859424732
6.323462503	3.548754946	3.63995178	3.436886224	4.848116365
6.323462503	3.490733347	3.572626497	3.418054499	4.840874519
6.300785795	3.427189962	3.537765824	3.380314171	4.854293326
6.29156914	3.524004811	3.614694556	3.441699325	4.857328702
6.253828812	3.522234377	3.629660094	3.474447843	4.870606649
6.29156914	3.502549876	3.616577542	3.463546007	4.846075067
6.311371767	3.553632305	3.619261387	3.502248626	4.847096237
6.309918278	3.624874124	3.688379329	3.536310855	4.84292645
6.29156914	3.667400422	3.723763856	3.572345638	4.832544774
6.29156914	3.618725194	3.684620397	3.55820113	4.840874519
6.136646557	3.610377226	3.686376324	3.540089381	4.82518886
6.103676538	3.568969157	3.649098584	3.517794529	4.802708709
6.069582326	3.562465529	3.649358696	3.520756617	4.785322725
6.057954288	3.575150689	3.655322671	3.538928277	4.78857449
6.057954288	3.543564623	3.620065138	3.491951745	4.802708709
6.069582326	3.561897992	3.647275904	3.514526067	4.774237627
6.052089169	3.618993327	3.686376324	3.54731589	4.769751986
6.063785209	3.665098925	3.716008122	3.562465529	4.748404354
6.090630919	3.677818507	3.733374694	3.556204837	4.747190446
6.13491533	3.734091797	3.777805663	3.591817741	4.752900298
6.081076706	3.759104899	3.783052624	3.637059705	4.758577733
6.109247583	3.806217947	3.84181511	3.657646752	4.764223116
6.120297419	3.792112709	3.862832761	3.724005256	4.751778206
6.163314804	3.706228092	3.763754989	3.613347392	4.743801054
6.120297419	3.714790836	3.782825067	3.601686242	4.747190446
6.120297419	3.727859754	3.757472246	3.579901292	4.736899957
6.092440464	3.758871826	3.820565395	3.524888854	4.746061925
6.079933195	3.831246695	3.888959066	3.590715205	4.767544105
6.081076706	3.845028137	3.915217896	3.645971953	4.785322725
6.069582326	3.905803706	3.977810746	3.627269972	4.787491743
6.081076706	3.933393031	4.005331183	3.628332954	4.814539304
6.057954288	3.952588967	4.022311359	3.63521493	4.814539304
6.092440464	3.867025639	3.947003974	3.576550269	4.82518886
6.057954288	3.78328013	3.90499839	3.562181801	4.826231571
6.075346031	3.738859386	3.856510295	3.515715835	4.833579847
6.086774727	3.745023465	3.889777396	3.481855285	4.812428228
6.074195945	3.761200116	3.894673367	3.56416621	4.766438334
6.057954288	3.63072054	3.750914845	3.490428515	4.759692225
6.05608119	3.643620548	3.706473763	3.51244056	4.755140713
6.024173722	3.768845236	3.83535792	3.565581238	4.777609743
6.03787092	3.702535781	3.788498519	3.543564623	4.769751986
6.040254711	3.77436884	3.769537357	3.526654599	4.773139237
6.01615716	3.77436884	3.813748436	3.599228232	4.775334813
6.002157177	3.819688394	3.879706404	3.669186821	4.758577733
5.987456526	3.823847315	3.877638579	3.666122467	4.781976562
5.995705541	3.814189645	3.853334009	3.693866996	4.813484323
5.985194934	3.776661367	3.838376465	3.6519561	4.823019749
5.985194934	3.790307247	3.853334009	3.662022	4.82518886
6.016644846	3.815291816	3.880532338	3.690877457	4.832544774
6.040254711	3.90479696	3.955082495	3.731938944	4.836678654
6.057954288	3.954507617	3.983413002	3.782825067	4.837709459
6.086774727	3.976873978	3.996364154	3.799525974	4.81023123
6.063785209	4.020518602	4.039536326	3.855029284	4.818828898
6.048081148	3.962335819	3.906004933	3.848017675	4.805986325
6.052089169	3.985459324	4.0476023	3.876395828	4.817697585
6.02827852	3.950281718	3.978933711	3.873697891	4.809171692
6.02827852	3.898735111	3.924149185	3.80666249	4.790736473
6.052089169	3.976123931	3.991942629	3.861361091	4.783065294
6.023447593	3.924149185	3.895893623	3.838806943	4.770938829
6.031406154	3.909820582	3.937690752	3.827336197	4.773139237
6.03068526	3.831246695	3.884651809	3.802431329	4.783065294
6.002651736	3.851210866	3.855452654	3.802654468	4.796203683
6.021993752	3.90620612	3.944490196	3.839667343	4.805986325
6.01615716	3.953548752	4.008786674	3.893655348	4.829353197
5.985194934	3.958524839	3.980615797	3.913621727	4.835646785
6.01615716	4.041471073	4.06731589	3.947003974	4.836678654
6.046189447	4.046903488	4.088158803	3.974809994	4.855306142
6.030204375	4.036715449	4.079400115	3.945457782	4.893502047
6.040254711	4.077706921	4.089499511	4.016563185	4.920783523
6.034284544	4.043226691	4.066630724	3.954507617	4.939783553
6.010040933	4.043226691	4.056123349	3.928289978	4.985659308
6.010040933	4.090838423	4.106108429	3.983599204	4.998900038
5.997695097	4.109725664	4.134206096	3.999667515	4.978662915
6.01615716	4.207375584	4.200354867	4.05681575	4.949043538
6.022236206	4.162003211	4.182202803	4.008968211	4.918008178
5.978885765	4.191320021	4.190412031	4.063885355	4.934689737
6.003887067	4.190412031	4.203348433	4.075501474	4.97714745
6.01615716	4.143134726	4.162158962	4.027135813	5.041229159
6.02827852	4.099829492	4.141705134	4.025351691	5.060757903
6.057954288	4.126973082	4.169297415	4.021773869	5.084319367
6.08541016	4.126166175	4.192831509	4.034594558	5.071793107
6.120297419	4.050218504	4.124065164	3.974997805	5.088953439
6.120297419	4.071587575	4.13692501	3.989539448	5.109696008
6.077183423	4.036008985	4.111693201	3.956996371	5.088583502
6.090630919	4.084294226	4.115779843	3.970669201	5.057709701
6.101215411	4.091172871	4.104294893	3.996915472	5.050496828
6.109247583	3.994892483	4.050915004	3.927896355	5.02585226
6.087910445	3.965942847	4.030694535	3.913022506	5.03773152
6.09356977	3.97518558	4.065602093	3.922369297	5.073046554
6.069582326	4.006787582	4.082777926	3.957951937	5.059107948
6.069582326	4.050044303	4.084462562	4.010600569	5.088830142
6.052089169	4.061993532	4.060615409	3.993602992	5.066637484
6.052089169	4.03158224	4.063885355	3.953164949	5.098524064
6.026348949	4.065258981	4.111856987	3.980615797	5.11847274
6.02827852	4.13628593	4.162158962	4.034771471	5.125688682
6.010040933	4.12552018	4.156693187	4.046553898	5.150165326
6.01615716	4.178072778	4.221857883	4.099332104	5.181614997
6.046189447	4.173001695	4.216709677	4.095677007	5.206804966
6.069582326	4.134686442	4.180675152	4.072439727	5.225262686
6.092440464	4.092008502	4.127295662	4.058199116	5.293857436
6.081076706	4.065945088	4.090336541	4.016383021	5.235111291
6.076494796	4.101816577	4.118386557	4.043928076	5.246655583
6.098074282	4.138999203	4.152770691	4.092676505	5.271511272
6.103676538	4.095510549	4.092843436	4.036185648	5.229556611
6.069582326	4.144086654	4.140114296	4.068684815	5.24079418
6.063785209	4.138361448	4.157319361	4.049695811	5.227841253
6.063785209	4.191773708	4.193435465	4.100657924	5.257287017
6.075346031	4.203796696	4.204991082	4.114310575	5.267033077
6.075346031	4.24046307	4.241758314	4.147727339	5.258432433
6.086774727	4.303389189	4.300409772	4.187531277	5.268837061
6.081076706	4.278331398	4.273884476	4.171768459	5.27474163
6.075346031	4.256038151	4.249780131	4.173771696	5.283356001
6.081076706	4.269137853	4.274858931	4.203348433	5.325737962
6.075346031	4.199304998	4.225957449	4.155909918	5.372728864
6.052089169	4.246493239	4.267597344	4.17253941	5.438948496
6.063785209	4.225519013	4.286753954	4.176231722	5.423936288
6.063785209	4.237723145	4.271374365	4.183880528	5.45579109
6.052089169	4.18235544	4.244917421	4.154341536	5.431317368
6.063785209	4.248495242	4.25561271	4.172385267	5.45450882
6.103676538	4.2930588	4.303253954	4.215529213	5.484174333
6.105685691	4.307033656	4.300816579	4.237867539	5.468397637
6.114566744	4.332573751	4.34120464	4.27555439	5.428775291
6.167306825	4.289088639	4.297557478	4.228292535	5.410305868
6.229299647	4.302577501	4.294560609	4.240319051	5.382888268
6.21959564	4.33938006	4.31455047	4.260564966	5.408247426
6.273819958	4.322409318	4.309187088	4.255470856	5.38916305
6.229496711	4.26941769	4.261693475	4.207077832	5.326370181
6.194405391	4.274162989	4.278470047	4.230622181	5.331074931
6.239300711	4.208565706	4.23757873	4.195395806	5.293656522
6.229496711	4.166975253	4.194189897	4.139795825	5.179871611
6.224558429	4.102643365	4.147885329	4.078553876	5.209048899
6.239300711	4.071417058	4.090838423	4.043577445	5.158997826
6.227524324	4.079400115	4.141546164	4.057507672	5.155601064
6.214608098	4.043752776	4.088996956	4.033178127	5.203841838
6.244166901	4.078384543	4.072269355	4.025351691	5.19634001
6.235978124	4.058544658	4.049172844	4.04567939	5.218678744
6.258624984	4.062853895	4.106767082	4.03636228	5.215098788
6.252481751	4.033355291	4.07973841	4.016563185	5.121997762
6.258624984	4.078723181	4.088661779	4.063713519	5.117095205
6.269096284	4.043226691	4.02356438	4.016383021	5.073610093
6.323462503	4.10660246	4.059235385	4.022669526	4.998022756
6.32256524	4.168833414	4.149936936	4.098502572	5.041617032
6.341240749	4.159664028	4.128101659	4.083957469	5.055289935
6.318968114	4.138520925	4.149463861	4.079907514	5.057264395
6.336825731	4.132442851	4.124065164	4.074481933	5.114154115
6.401087665	4.077367938	4.108411819	4.03724497	5.182625892
6.392754284	3.96499489	4.030516899	3.956039891	5.184644622
6.384350873	3.92316075	3.969536912	3.912422925	5.22928878
6.382323503	3.957951937	3.950859029	3.894469846	5.271613984
6.401087665	4.013134507	4.014218518	3.941970082	5.310641116
6.405724203	4.038655656	4.077706921	4.000400116	5.318659064
6.398594935	4.046553898	4.092008502	4.030694535	5.367750141
6.392754284	4.041295341	4.083957469	3.986016685	5.329864482
6.405228458	4.094511215	4.099000374	4.058717385	5.338018733
6.407374913	4.12552018	4.120337142	4.08007659	5.307822054
6.416732283	4.11038194	4.095344063	4.086984208	5.302159974
6.413458957	4.111365547	4.044103346	4.047776926	5.305839008
6.449680221	4.150094577	4.112020747	4.071587575	5.361667682
6.476972363	4.229749199	4.188745238	4.144403762	5.356586275
6.500989325	4.226541732	4.162937354	4.166975253	5.358471289
6.575772948	4.231784971	4.153085057	4.182660643	5.371428413
6.605297921	4.191017449	4.151984342	4.135326544	5.365695602
6.606650186	4.204991082	4.196449785	4.159820144	5.341089458
6.616734305	4.173463767	4.125358616	4.157945144	5.361902308
6.630023537	4.183423245	4.132763672	4.153242203	5.370591515
6.649632009	4.238444906	4.173309767	4.194642284	5.407261454
6.697034248	4.25561271	4.1680596	4.203497876	5.43433317
6.705639095	4.230767603	4.175770928	4.154812309	5.397936432
6.688728243	4.248780916	4.170996914	4.190260619	5.359036102
6.727431725	4.274302216	4.220095768	4.194189897	5.358659596
6.668863371	4.282758633	4.231930225	4.1846422	5.34625002
6.679599186	4.285928645	4.255187087	4.200504758	5.324033845
6.672665657	4.349503443	4.287715955	4.23251103	5.292047754
6.704781934	4.367166772	4.302577501	4.24506078	5.288115504
6.693943055	4.369194656	4.324529928	4.265773678	5.321496639
6.730421264	4.339901708	4.344194956	4.244487221	5.321447784
6.727431725	4.32227663	4.322939892	4.241902127	5.355972879
6.70930434	4.242764567	4.26955758	4.189048498	5.350957254
6.684611728	4.24247717	4.275276265	4.206333064	5.290335597
6.703188113	4.243195509	4.265071381	4.202451304	5.309702311
6.733401892	4.282068168	4.303794786	4.221711158	5.31767872
6.684361696	4.318820559	4.339901708	4.259576475	5.333491442
6.715383386	4.354783898	4.371218436	4.298509147	5.345296368
6.742290839	4.371723742	4.423408472	4.330206886	5.368496201
6.756932389	4.39432569	4.402319338	4.334410781	5.369101965
6.733401892	4.368561384	4.396915247	4.31039636	5.369660807
6.775137754	4.39210072	4.427597336	4.321878462	5.388340869
6.785587645	4.434974809	4.483906098	4.375127893	5.434900348
6.824917001	4.476541043	4.51884948	4.411099882	5.444623069
6.84694314	4.521244951	4.562367064	4.442415935	5.457412943
6.856461985	4.534855012	4.568091178	4.469465004	5.488193648
6.843216758	4.515573652	4.551874889	4.443827036	5.430441519
6.866933284	4.557554332	4.587413464	4.481306199	5.44703905
6.837869152	4.482550472	4.484131858	4.427597336	5.460648778
6.835184586	4.482211279	4.479947041	4.448867192	5.45450882
6.851184927	4.520265679	4.514260311	4.471638793	5.497987562
6.869534066	4.517103707	4.53464042	4.453649378	5.501094932
6.902742737	4.563514511	4.564660643	4.49110523	5.5232593
6.91274282	4.572440361	4.58394655	4.523851665	5.539890053
6.973074745	4.51316454	4.529799879	4.47038086	5.543613723
6.987767217	4.496582246	4.505902184	4.442533603	5.519939761
6.966024187	4.511189123	4.503912354	4.446994751	5.527164621
6.970730078	4.513712575	4.488973392	4.468892168	5.53571879
7.007600614	4.513822147	4.519285447	4.443827036	5.534535077
7.018849326	4.571923592	4.559858963	4.509099717	5.584172772
7.116150608	4.566325402	4.595422835	4.52113619	5.615424737
7.125524414	4.613039144	4.622813621	4.549551762	5.582029067
7.122866659	4.653769856	4.655102555	4.563722996	5.590091057
7.13089883	4.685735834	4.700753056	4.606169686	5.57905035
7.03288901	4.600660031	4.630545492	4.545526333	5.569374507
7.0668935	4.628593701	4.65956367	4.599956619	5.568649801
7.007600614	4.627909673	4.66428779	4.57460788	5.564788571
7.064759028	4.677118685	4.701752284	4.624874769	5.579993942
7.094649698	4.708628894	4.758406162	4.66032103	5.593297741
7.0668935	4.758920786	4.784487234	4.675535449	5.582480756
7.049688775	4.717873676	4.756688834	4.659847747	5.592217566
7.090076836	4.811533737	4.835805603	4.775925106	5.618115648
7.098375639	4.811289646	4.840242308	4.780047436	5.656551095
7.127533173	4.866610947	4.879615032	4.837075243	5.697059929
7.096969692	4.851092324	4.846939201	4.791649753	5.731689428
7.112082916	4.892902257	4.930942525	4.818344206	5.703215647
7.104554855	4.895748062	4.90408889	4.871603085	5.740467925
7.087323048	4.899405737	4.90364382	4.840005126	5.747065439
7.100439623	4.932241227	4.939425682	4.905422916	5.754824071
7.092823061	4.961375019	4.978869391	4.943711709	5.770786703
7.073269717	4.9682148	4.976457842	4.937562683	5.761957039
7.036588151	4.866610947	4.85934718	4.855695414	5.741720314
6.956545443	4.825429582	4.808845454	4.8094163	5.729612651
6.907255154	4.819474789	4.828553709	4.789406575	5.725446114
6.835184586	4.720995751	4.748577649	4.734793954	5.69012294
6.693943055	4.675721842	4.731450352	4.684535741	5.65280492
6.782758789	4.74136054	4.740400135	4.757376119	5.635646379
6.751101469	4.728272383	4.749703337	4.703566508	5.651295486
6.706250903	4.626344421	4.667863255	4.620551288	5.616152725
6.65929392	4.57037168	4.616999938	4.561949484	5.639741607
6.611099732	4.539244036	4.644871553	4.506895617	5.630925002
6.630023537	4.614823443	4.670676988	4.553666343	5.623222967
6.517375808	4.493008819	4.542336877	4.457018145	5.551718505
6.350012735	4.309590341	4.349503443	4.264368591	5.304696974
6.269096284	4.191924891	4.275276265	4.104624872	5.117814156
6.216606101	4.105449342	4.148517041	4.010238053	5.092522454
6.177944114	4.100657924	4.220977213	4.003690194	5.168948726
6.224558429	4.03653888	4.111856987	3.999117712	5.175810692
6.120297419	3.93084476	4.046204187	3.903990834	5.159687283
6.152732695	3.811760583	3.896300045	3.767921661	5.060250515
6.21959564	3.882594195	4.011144096	3.851210866	4.940069758
6.142037406	3.617920365	3.713815939	3.673004105	4.77710465
6.197054939	3.755836922	3.834493803	3.761432647	4.707907263
6.209595557	3.685624161	3.477232068	3.702535781	4.766948842
6.197868774	3.513930652	3.626471994	3.589059119	4.813240708
6.323462503	3.687628672	3.832330237	3.721104601	4.861361591
6.378426184	3.743604354	3.705982362	3.815512105	4.957304838
6.292494637	3.811318301	3.566146689	3.816832818	4.966613742
6.296188085	3.76607195	3.809325607	3.742420221	4.940498912
6.263398263	3.791661649	3.731220295	3.765377425	4.931592087
6.323462503	3.789855371	3.694861526	3.811539467	4.924932152
6.380122537	3.786913194	3.627801605	3.796836596	4.920345823
6.363028104	3.687127921	3.672495975	3.700560959	4.892452178
6.380122537	3.793464669	3.787592927	3.798406279	4.904237203
6.380122537	3.761200116	3.81617268	3.768614422	4.894550815
6.403077386	3.805328267	3.833412605	3.785325352	4.899554746
6.382323503	3.904393978	3.94255221	3.878466222	4.932529598
6.405228458	3.916612458	3.959097413	3.91879999	4.964870549
6.470799504	3.930059368	3.961194049	3.947776175	4.998427751
6.507277712	3.960432145	3.955848485	3.944877342	5.033505108
6.586171655	3.957760897	3.919197209	3.931237224	5.05834551
6.65929392	3.924149185	3.924939231	3.89345162	5.042973402
6.65929392	3.94854778	3.95469928	3.893044039	5.048316361
6.681481835	4.027492255	4.070393341	4.042524813	5.103700532
6.684611728	4.032469159	4.034594558	4.057161771	5.070035637
6.662493922	4.069026754	4.113329862	4.091507207	5.066196136
6.646390515	4.171922697	4.194340715	4.16371514	5.072294674
6.649373076	4.214938459	4.225811325	4.228729757	5.081839053
6.612309816	4.250065437	4.278470047	4.263806003	5.079850363
6.536691598	4.256888491	4.242764567	4.270116942	5.059552434
6.53058604	4.221124045	4.236422661	4.259859001	5.062341836
6.499787041	4.176692304	4.199905058	4.199755077	5.072106616
6.413458957	4.068684815	4.093177214	4.112839145	5.059488948
6.465366817	4.151669629	4.151984342	4.138520925	5.088275117
6.456769656	4.231930225	4.204095426	4.21582446	5.142423502
6.511002111	4.249066507	4.237867539	4.211683055	5.176149733
6.58271742	4.308245532	4.262257253	4.274162989	5.210141676
6.613384218	4.26521188	4.212275735	4.282896669	5.250281918
6.575772948	4.299324143	4.292101927	4.274580613	5.25075395
6.58271742	4.290459441	4.28661645	4.275276265	5.26615568
6.520326533	4.186163807	4.218772141	4.206333064	5.275918372
6.507277712	4.227709274	4.23902194	4.240319051	5.345153241
6.535241271	4.251348311	4.275971433	4.247208701	5.334986751
6.522092798	4.16852396	4.188290175	4.1680596	5.330639338
6.469250317	4.196750718	4.24563401	4.222591182	5.342047129
6.499787041	4.23902194	4.273187855	4.236278058	5.387518012
6.551080335	4.318021305	4.363608049	4.318421012	5.418630532
6.565968948	4.35105183	4.38340069	4.367800927	5.439382807
6.53306183	4.317221411	4.344324767	4.34743519	5.433765671
6.53306183	4.315619702	4.348986781	4.364117214	5.448460025
6.547502514	4.316687793	4.335197047	4.348469851	5.480472243
6.610022871	4.327174383	4.341595189	4.346658491	5.503744912
6.620073207	4.330338526	4.330075229	4.319086835	5.547557423
6.672032945	4.352082758	4.322939892	4.360164388	5.60851896
6.652863029	4.252202647	4.246493239	4.288814253	5.594190798
6.665683718	4.277776613	4.294560609	4.284551613	5.596679701
6.65929392	4.307303088	4.341595189	4.310530633	5.618079332
6.690842277	4.350019839	4.374372416	4.35092289	5.624594957
6.693943055	4.383275854	4.415703161	4.383525511	5.672463791
6.65929392	4.340813939	4.356195875	4.346399457	5.704448919
6.652863029	4.286478927	4.307437778	4.310530633	5.703382395
6.639875834	4.270256734	4.288402533	4.270815705	5.668673298
6.65929392	4.245490733	4.264790325	4.260141447	5.665595893
6.675192506	4.263102323	4.305550476	4.273327218	5.683443704
6.687731855	4.338205355	4.379147494	4.317888034	5.705680672
6.684611728	4.333361463	4.378520495	4.310799125	5.723977182
6.733401892	4.372228792	4.40060302	4.345232974	5.736249665
6.734948315	4.373490304	4.397653891	4.367800927	5.754285457
6.721425701	4.356708827	4.38925048	4.355297575	5.737313958
6.706250903	4.352855257	4.378896742	4.354012888	5.745308221
6.705026912	4.415582293	4.437106501	4.396545721	5.772406389
6.722629795	4.425923896	4.437934267	4.427238977	5.795084633
6.719616837	4.44076713	4.418479097	4.439941707	5.806008082
6.727431725	4.458524606	4.435567402	4.433076149	5.796057751
6.721425701	4.451436086	4.455160919	4.451319461	5.748947027
6.703188113	4.340032078	4.319086835	4.373868447	5.658122407
6.703188113	4.335720882	4.271234729	4.365516083	5.636003152
6.700115914	4.254903238	4.219948784	4.253482784	5.586461832
6.697034248	4.291965156	4.304065093	4.304065093	5.654242029
6.684611728	4.274023742	4.268717949	4.324662317	5.661987785
6.672032945	4.294560609	4.302577501	4.309859086	5.637642672
6.678342115	4.347176357	4.346140356	4.327438444	5.65459223
6.687731855	4.333886259	4.362461479	4.300545393	5.661431534
6.656083644	4.277499105	4.277499105	4.254903238	5.659865418
6.652863029	4.318820559	4.331785418	4.291828367	5.67798592
6.703188113	4.327966358	4.330206886	4.300545393	5.648586839
6.724433222	4.348857573	4.365388994	4.312274546	5.651611602
6.733401892	4.364880476	4.367547313	4.301358732	5.670432495
6.807934944	4.397038392	4.390366759	4.358374106	5.710294558
6.82165258	4.320417153	4.32267464	4.292375413	5.705547583
6.79961312	4.300002799	4.296604903	4.283586562	5.734214682
6.810693566	4.320948785	4.319752215	4.278470047	5.759784665
6.785587645	4.318554212	4.311067546	4.304200219	5.796574335
6.8134446	4.352082758	4.335982696	4.317088034	5.804562516
6.8134446	4.348857573	4.299052551	4.337029269	5.809372964
6.845879875	4.367039892	4.312542571	4.318287794	5.828592614
6.835184586	4.416428061	4.401461547	4.378144107	5.843776274
6.882437471	4.431768727	4.414735809	4.37525375	5.872934357
6.910252159	4.405621084	4.397284637	4.391110253	5.971899392
6.922643891	4.390366759	4.396299294	4.375127893	5.95708012
6.956545443	4.414130739	4.399989335	4.380275102	5.953736719
7.007600614	4.464758032	4.464182493	4.44593996	5.98476717
7.038783541	4.453882072	4.441356301	4.442062848	6.060804025
7.029972912	4.424127811	4.402441819	4.421247348	6.050935563
7.018849326	4.440177611	4.429267981	4.415944853	6.031382133
7.073269717	4.506785284	4.490656799	4.474833684	6.056830851
7.110696123	4.494908792	4.475175389	4.489871562	6.088750047
7.094234846	4.512396786	4.477564061	4.499476281	6.120121579
7.134890852	4.535820108	4.509099717	4.513712575	6.179602489
7.158513997	4.527424837	4.515026636	4.483002552	6.180120168
7.158513997	4.544889255	4.478131953	4.506564582	6.221087065
7.138867	4.585783472	4.516666787	4.530338875	6.250245476
7.152660322	4.573576314	4.479833695	4.53044664	6.28234151
7.146772179	4.577696209	4.479039909	4.538175317	6.285979472
7.18349128	4.597944141	4.47585845	4.574401652	6.288378871
7.185387016	4.605070181	4.435448911	4.578415449	6.327543849
7.146772179	4.626540212	4.443004135	4.59491781	6.343388222
7.102499356	4.714293613	4.569750241	4.675349021	6.276681083
7.124880758	4.747537427	4.647654798	4.700571271	6.237464881
7.06261999	4.735408663	4.616505696	4.687763484	6.097669706
7.07335446	4.734618253	4.6157144	4.692539832	6.092756799
7.034652212	4.750308952	4.652912182	4.698113932	6.222338144
7.053499293	4.775925106	4.677955856	4.707004492	6.214468089
7.06261999	4.838264068	4.720906684	4.762430312	6.249704935
7.018938808	4.823743309	4.6929063	4.74675655	6.22643785
7.047517221	4.828553709	4.715995741	4.765927565	6.192239783
7.042111331	4.837313121	4.730833204	4.780299272	6.126978348
7.027314514	4.733563401	4.573369873	4.647367235	6.06879589
7.035180567	4.729156166	4.597238816	4.676839473	6.078719644
7.064160558	4.71124045	4.596633855	4.668708207	6.108758574
7.080363144	4.740924107	4.610953431	4.690246358	6.123610606
7.087072327	4.74675655	4.607966273	4.68905167	6.12918092
7.03562065	4.778619164	4.598145571	4.720995751	6.126781844
7.016430296	4.729774349	4.532814524	4.674323045	6.120253462
6.986751285	4.652816839	4.509649984	4.638024523	6.070113977
6.96517477	4.698022803	4.551874889	4.664382046	6.073159735
6.98425325	4.770345584	4.566429358	4.708719062	6.10953643
6.998144279	4.77288559	4.577182149	4.703022586	6.105038738
7.009499263	4.779627568	4.600459106	4.717605615	6.129202704
6.992096427	4.753159064	4.56100929	4.71160013	6.138871108
6.978120542	4.670676988	4.464642951	4.639958011	6.12402672
6.973449382	4.682594083	4.444884056	4.631422557	6.11699527
6.974478911	4.695467824	4.410735561	4.622813621	6.104078691
6.983048263	4.722597603	4.446994751	4.664758977	6.11467726
7.008053	4.751346296	4.459566212	4.691714787	6.139410302
7.00460972	4.745366816	4.468777561	4.696472344	6.131965347
6.980075941	4.756688834	4.476995847	4.696837375	6.117722679
6.931667099	4.692081558	4.377516479	4.64063385	6.087637991
6.90981316	4.657003335	4.368054477	4.614526281	6.003541328
6.879767242	4.670395971	4.412313327	4.610555658	6.026324806
6.91968385	4.738126413	4.465218226	4.668895877	6.030661222
6.908255154	4.71483144	4.468433662	4.664382046	5.952697731
6.939253946	4.698660529	4.5361416	4.678699419	5.991139494
6.943508449	4.72046123	4.546163005	4.688959712	5.895339035
6.965269185	4.74170955	4.59491781	4.710070596	5.731657011
6.98887433	4.680092113	4.58169683	4.695376454	5.80733135
6.932642994	4.672361436	4.570475216	4.672735372	5.758775583
6.948129173	4.691898189	4.614823443	4.686750173	5.795632128
6.935953933	4.679070994	4.599152114	4.675255794	5.822305977
6.899420642	4.650430317	4.538496053	4.631714741	5.773246346
6.937216989	4.687763484	4.602366259	4.661739537	5.805104848
6.952824242	4.670114875	4.593401202	4.657193214	5.772344142
6.966778619	4.717516246	4.620649757	4.702750514	5.770100661
6.954352564	4.700116663	4.591983624	4.697749367	5.79800115
6.960442601	4.686934488	4.586496921	4.69501089	5.885937351
6.976067919	4.705467907	4.599856091	4.69738467	5.920612806
6.979424566	4.723042107	4.582924577	4.703022586	5.911555164
6.993474154	4.770769367	4.591882292	4.74074948	5.90405309
7.019028281	4.792313433	4.637346918	4.758749274	5.894127314
7.032712518	4.829992328	4.694919478	4.797194518	5.923212473
7.030149887	4.839530593	4.669833699	4.803857097	5.922302018
7.057295346	4.848508445	4.676560182	4.815836216	5.91571677
7.053931389	4.826712456	4.673109169	4.79388791	5.917441187
7.04455632	4.830231896	4.667487492	4.809008586	5.901594543
7.071063897	4.81688872	4.635020208	4.793142414	5.911528084
7.077413662	4.812509506	4.637540566	4.789240213	5.903671046
7.074878592	4.791234729	4.633174382	4.775756487	5.89280376
7.070214207	4.770599875	4.640344261	4.745714431	5.879051443
7.074878592	4.777273043	4.652626127	4.75625904	5.882904474
7.042723139	4.71545854	4.58995502	4.721796998	5.879135362
7.007600614	4.72357525	4.564660643	4.684628107	5.829298497
6.965269185	4.683056725	4.516448256	4.646983689	5.778271327
6.955878554	4.679070994	4.506785284	4.644583188	5.754887418
6.902541712	4.584967479	4.420886706	4.58629313	5.729937432
6.901032733	4.578928875	4.432006567	4.562053895	5.626289292
6.873370852	4.575329344	4.431173878	4.569024739	5.654767285
6.902742737	4.492673155	4.373616367	4.49535532	5.624017506
6.922643891	4.546799273	4.443121734	4.528181144	5.621885271
6.941190055	4.5906655	4.435211888	4.575535381	5.677643817
6.926577033	4.628886713	4.467630772	4.595220855	5.658052623
6.925791641	4.67170671	4.516994495	4.637346918	5.671362583
6.885918584	4.665512415	4.501253073	4.625070848	5.637927532
6.902541712	4.697931666	4.515245478	4.62771415	5.611630635
6.902742737	4.729244501	4.531954124	4.68018489	5.55786999
6.897704943	4.746669748	4.564348191	4.709169776	5.507159133
6.922643891	4.755312844	4.561949484	4.716264233	5.525014596
6.907755279	4.740050668	4.569232079	4.704291277	5.528952784
6.898714534	4.736812295	4.568609931	4.718320284	5.533112771
6.910651082	4.764820004	4.594513606	4.747277203	5.618188275
6.851925394	4.713396591	4.528613063	4.682408966	5.653471154
6.745824412	4.711779921	4.523743187	4.712678394	5.648622063
6.724192953	4.721173862	4.498364182	4.688959712	5.715875722
6.7494627	4.747537427	4.519939042	4.708448535	5.703415741
6.739336627	4.717694977	4.49980967	4.702387637	5.671431444
6.762845107	4.691256135	4.452485098	4.666265285	5.659203431
6.747351757	4.671613143	4.441474093	4.665324109	5.636609375
6.688603749	4.689603242	4.455277096	4.653674595	5.614040099
6.704781934	4.683981366	4.461530736	4.673389425	5.617461768
6.691339048	4.707185111	4.466827236	4.687855553	5.629202596
6.683486094	4.707094806	4.483341478	4.693638834	5.624883557
6.65993474	4.674789528	4.447814375	4.648038086	5.635039572
6.670005575	4.694828058	4.457945466	4.65396035	5.6463299
6.688728243	4.6929063	4.479606963	4.669271111	5.657808342
6.716231511	4.699661849	4.507116246	4.677211739	5.681673189
6.747586527	4.72401932	4.533888984	4.669739957	5.708073256
6.715383386	4.703747749	4.539030383	4.677862871	5.726000483
6.7310181	4.721262905	4.560277417	4.675535449	5.702781974
6.723111027	4.735935256	4.555454594	4.693455751	5.708869514
6.779012403	4.764990477	4.580467573	4.707546253	5.707708093
6.760414691	4.780131388	4.561322786	4.72366408	5.728962773
6.748876774	4.767118953	4.563827222	4.728449202	5.713501756
6.771706435	4.734354644	4.53378159	4.694828058	5.671603576
6.733520932	4.701843073	4.507667605	4.654246024	5.657668726
6.749696974	4.69043003	4.521897267	4.665229942	5.655642099
6.741464539	4.694645192	4.537854479	4.66032103	5.592552918
6.76480827	4.666171208	4.536891345	4.649378441	5.613638925
6.731256735	4.676746384	4.577182149	4.665700686	5.603446353
6.735067171	4.644198573	4.530015512	4.644102396	5.545528945
6.737322767	4.61254294	4.51338379	4.615813346	5.541145891
6.733639959	4.594412529	4.477791257	4.586395031	5.450480358
6.738507882	4.629277261	4.528613063	4.615120517	5.496676301
6.71356355	4.652816839	4.556400022	4.608464753	5.509671697
6.749345542	4.619171706	4.562262685	4.619073091	5.557136894
6.744059186	4.64400621	4.561322786	4.616505696	5.49429525
6.749696974	4.617098757	4.541591204	4.603769205	5.500972455
6.754487543	4.610157727	4.521027418	4.595725727	5.461625984
6.764000375	4.64506375	4.565493369	4.612939923	5.445788646
6.773766639	4.659658371	4.583231278	4.629082006	5.431667493
6.742290839	4.608664075	4.54127146	4.603468739	5.408023427
6.768493212	4.629862799	4.568091178	4.609261804	5.402091625
6.751802977	4.676001367	4.635602393	4.6226171	5.400783698
6.730301854	4.691256135	4.662022998	4.641019839	5.384357439
6.719978872	4.696198484	4.682131227	4.657003335	5.407261454
6.685361447	4.682408966	4.651576559	4.6558633	5.411512114
6.68448672	4.697840521	4.672174415	4.658900508	5.401776075
6.680227129	4.687579322	4.663722073	4.634049146	5.412672311
6.72287044	4.71930212	4.678141798	4.672361436	5.463026396
6.725153683	4.715548093	4.667863255	4.682408966	5.475416979
6.727431725	4.750395438	4.681946025	4.70745598	5.484008241
6.723712241	4.763284429	4.706100905	4.705920089	5.490795504
6.705516688	4.730127425	4.684997486	4.693089484	5.464213088
6.707839854	4.700480366	4.651099118	4.677304784	5.487573159
6.708450317	4.694187882	4.63336884	4.663722073	5.462262778
6.71003578	4.695467824	4.642754946	4.662872896	5.441854782
6.725513719	4.705648805	4.626638093	4.684073784	5.454808163
6.758210642	4.69501089	4.613832559	4.672548421	5.455492041
6.77730485	4.664099254	4.578826211	4.66079409	5.448632127
6.841935938	4.660888675	4.549234554	4.671519567	5.415655859
6.80106054	4.646983689	4.549234554	4.634728988	5.42807289
6.829469361	4.684720465	4.541164856	4.668238877	5.433547316
6.829469361	4.714024591	4.548917244	4.684628107	5.428819175
6.834216376	4.710610698	4.530231099	4.689970788	5.432629704
6.829793738	4.715279409	4.582003908	4.684812814	5.428687518
6.794138552	4.684166192	4.569543008	4.663816381	5.445572901
6.784343934	4.720995751	4.596230344	4.680092113	5.430090965
6.800058704	4.722864329	4.608365077	4.690797272	5.428863056
6.790322182	4.669177316	4.543720224	4.653007515	5.407978621
6.756932389	4.669271111	4.530123312	4.641309233	5.383760848
6.748173209	4.688223741	4.546905278	4.633951987	5.377867645
6.756932389	4.694553747	4.571199666	4.63792775	5.350909817
6.764346696	4.685551298	4.580365067	4.636378113	5.250439286
6.773652294	4.6940049	4.604970166	4.637830968	5.208666145
6.800281421	4.688407785	4.608265391	4.658805735	5.259680483
6.844815479	4.691806493	4.630155439	4.671987359	5.240529343
6.862444056	4.691072615	4.630642982	4.656053396	5.225854195
6.898815437	4.6929063	4.630057901	4.64602418	5.260615499
6.858144778	4.682779165	4.594412529	4.643332647	5.272230032
6.848111426	4.674602961	4.604870141	4.643140117	5.242064425
6.827845896	4.670489652	4.622322245	4.651767471	5.24417792
6.810252698	4.669271111	4.616703422	4.638604962	5.213412859
6.796823718	4.677769878	4.641309233	4.646312129	5.18978516
6.818377468	4.690705474	4.647558952	4.661739537	5.188055972
6.815420668	4.696654876	4.613634264	4.666171208	5.128773822
6.794138552	4.697202271	4.603168183	4.650047945	5.143474781
6.798052014	4.685920336	4.605470141	4.653579325	5.102606573
6.802839109	4.712408937	4.625168872	4.660983251	5.124321059
6.796823718	4.70401955	4.654055584	4.671425982	5.13391431
6.7494627	4.694279361	4.632298853	4.665606555	5.122534387
6.739573286	4.690338198	4.631519961	4.659658371	5.10503597
6.7597192	4.725439018	4.671332388	4.694919478	5.111505744
6.759023225	4.74074948	4.67562865	4.708538719	5.142189734
6.760182915	4.71939133	4.661172376	4.698113932	5.17315089
6.753671264	4.692081558	4.644967656	4.679720917	5.146680192
6.732806477	4.662117466	4.612939923	4.665324109	5.10842724
6.714534541	4.670489652	4.635990328	4.658047226	5.122415162
6.71417053	4.669552445	4.656148431	4.659468959	5.12152052
6.693199745	4.635990328	4.583537886	4.647750634	5.120027671
6.67620146	4.638604962	4.580979947	4.65233999	5.115835797
6.619806504	4.614427207	4.577798989	4.61045619	5.104064919
6.562444094	4.6121458	4.539137215	4.60386934	5.10291057
6.50847103	4.618185123	4.583537886	4.609361391	5.084443221
6.559190218	4.602265973	4.536034447	4.60366906	5.073797869
6.5832709	4.567364471	4.523743187	4.573782713	5.010368592
6.555214634	4.571923592	4.526451601	4.555979942	5.016617366
6.578556526	4.555874894	4.559649671	4.548176464	4.96793654
6.585481762	4.508438997	4.497139442	4.527208645	4.938996067
6.58271742	4.487624622	4.452834525	4.482437421	4.952582363
6.566109684	4.445470807	4.416428061	4.450035689	4.998157773
6.580916491	4.45423101	4.397776945	4.435567402	5.059552434
6.623932417	4.434381865	4.388629786	4.425923896	5.061265035
6.600822427	4.42160786	4.365770212	4.380901001	5.002804715
6.585205671	4.340423085	4.329548428	4.307707102	5.030241824
6.579251212	4.370207058	4.337552145	4.324794689	5.018867979
6.551080335	4.272211769	4.188745238	4.242620879	4.999978714
6.525762527	4.219066431	4.187986685	4.189654742	4.97714745
6.496020558	4.122445992	4.057161771	4.096508885	4.953218023
6.499787041	4.074651929	4.041471073	4.03158224	4.98251013
6.536691598	4.073631521	3.999850716	4.039536326	4.978456396
6.558197803	4.003507696	3.96499489	3.994524227	5.006091654
6.558197803	3.863462815	3.878466222	3.857355604	4.957093861
6.53306183	3.85672169	3.881357591	3.806217947	4.929858984
6.476972363	3.852060664	3.81242364	3.808882247	4.926818808
6.427782119	3.865350597	3.866816413	3.825157072	4.918885435
6.567656474	4.04041622	3.944683788	4.019261756	4.939282497
6.555783543	4.098004523	3.963856154	4.045854353	4.944353031
6.541462806	4.109233175	3.911022505	4.049695811	4.932024894
6.548219103	4.12552018	3.908817874	4.071075935	4.950389767
6.518999784	4.086648356	3.904192426	4.066116541	4.942784627
6.480811139	3.99654796	3.803992261	3.991019012	4.939783553
6.470489858	3.987315989	3.828641396	3.925728652	4.927615938
6.495416602	4.034948352	3.888344878	4.017823424	4.935983584
6.488444764	3.993418644	3.894469846	4.014399072	4.93634269
6.478509642	4.04217369	3.944102899	4.000400116	4.897093253
6.499937405	4.123903364	4.020159664	4.108411819	4.927615938
6.487379558	4.148517041	4.024994484	4.134686442	4.939998214
6.469095266	4.165734558	4.079230924	4.159039321	4.950389767
6.478202375	4.161379964	4.084462562	4.149936936	5.000450269
6.485703367	4.179604406	4.089834407	4.160600358	5.004818409
6.461155628	4.160288346	4.075501474	4.147253218	5.009234313
6.481117606	4.152141661	4.098502572	4.118223836	5.062215214
6.523855949	4.098668534	4.079400115	4.095843438	5.061455143
6.504437863	4.143769446	4.093677673	4.134526352	5.047288612
6.486313216	4.10313911	4.087991088	4.110709916	5.032331552
6.488140535	4.103634609	4.084462562	4.103964806	5.027951172
6.480811139	4.078045789	4.041822443	4.10313911	4.991792206
6.459747948	4.054910493	3.965374181	4.068684815	4.96186513
6.449680221	4.032291838	3.929469919	4.019082078	4.960253865
6.446195897	3.993418644	3.870784257	3.990094541	4.944922751
6.401087665	3.956996371	3.852485293	3.968403339	4.925803359
6.359746864	3.861992072	3.781230715	3.908014984	4.881057979
6.309190741	3.863672744	3.748326913	3.899545484	4.87817
6.253828812	3.783734985	3.700066644	3.823628855	4.838739203
6.238715174	3.875151531	3.813086258	3.848444024	4.844344554
6.244166901	3.88711537	3.829076085	3.878466222	4.78256295
6.283574303	3.854393893	3.801091445	3.820346217	4.836519974
6.239300711	3.856933039	3.80019719	3.815512105	4.833261477
6.318968114	3.857144344	3.818810624	3.779177092	4.826231571
6.377746836	3.835789699	3.818591061	3.809547214	4.803036954
6.367329185	3.950281718	3.905401129	3.919594271	4.837788708
6.358708442	3.892024359	3.856510295	3.842458542	4.832624433
6.332391134	3.844814256	3.782142085	3.789855371	4.826391892
6.336825731	3.877017396	3.841600541	3.784189634	4.799996564
6.345636361	3.832113622	3.791436042	3.802654468	4.742232836
6.305362462	3.740285242	3.705982362	3.717466911	4.77718885
6.29156914	3.754433085	3.673511977	3.677818507	4.766353224
6.318968114	3.773909703	3.703028877	3.675794215	4.739001534
6.358708442	3.73289634	3.688879454	3.690627925	4.749530236
6.372124536	3.600867577	3.573749147	3.545009084	4.736549264
6.344056166	3.617114888	3.54731589	3.486457226	4.738038859
6.401087665	3.620065138	3.627535824	3.488902962	4.750568389
6.327936784	3.595392611	3.614425268	3.46260601	4.715637639
6.3309679	3.470723444	3.502549876	3.377928755	4.657383057
6.282266747	3.335057579	3.38269391	3.215269329	4.672174415
6.391749595	3.412466974	3.467921014	3.232384175	4.713755496
6.399925164	3.501645853	3.516310189	3.391483689	4.674882798
6.50293996	3.492560388	3.429460847	3.400196881	4.675535449
6.510555915	3.461037382	3.378269877	3.305053521	4.64400621
6.483260245	3.472587378	3.387436466	3.400863993	4.680370419
6.473890696	3.580737295	3.454738149	3.452524009	4.712768197
6.476356789	3.616308761	3.581015808	3.47537678	4.854293326
6.52312168	3.667144962	3.650917948	3.593194204	4.831109825
6.551080335	3.697839195	3.67554089	3.633895146	4.893951654
6.543911846	3.650398467	3.6412636	3.565864003	4.852108386
6.596463341	3.602504238	3.604954219	3.593194204	4.871679693
6.575772948	3.708436953	3.682358237	3.598407551	4.934545873
6.555641346	3.720378121	3.698829785	3.673511977	5.009367825
6.579251212	3.783734985	3.755603086	3.70549072	5.05452458
6.568218351	3.821222641	3.828206519	3.788724789	4.990840667
6.557346377	3.797509619	3.797285328	3.733135545	4.960954734
6.558765018	3.859044081	3.833412605	3.792338162	4.937706114
6.527372951	3.88793521	3.864302269	3.819469024	4.838660029
6.536691598	3.892636292	3.89914038	3.814630659	4.818425005
6.551080335	3.878466222	3.88547367	3.834493803	4.835646785
6.558197803	3.90459549	3.893655348	3.865769621	4.788990619
6.514712691	3.848017675	3.871201011	3.795713883	4.804430797
6.496020558	3.853546076	3.843744165	3.811318301	4.812997033
6.484635236	3.871825816	3.892228378	3.806217947	4.841585279
6.457554277	3.799078246	3.814851094	3.744550651	4.851717715
6.469250317	3.84310156	3.827118498	3.754667195	4.842532175
6.492239835	3.788498519	3.770689829	3.737907685	4.851561404
6.475278622	3.724005256	3.726656818	3.643882088	4.824707242
6.521651524	3.732657076	3.733613785	3.710396298	4.857095539
6.584653261	3.817932082	3.794814805	3.76491414	4.857561812
6.611099732	3.909018496	3.881151342	3.854393893	4.862212622
