
Autocorrelations of series ‘KLSE[, c(1, 4, 6)]’, by lag

, , KLSE.Open

 KLSE.Open   KLSE.Close  KLSE.Adjusted
 1.000 (  0) 1.000 (  0) 1.000 (  0)  
 0.997 (  1) 0.997 ( -1) 0.997 ( -1)  
 0.995 (  2) 0.995 ( -2) 0.995 ( -2)  
 0.994 (  3) 0.993 ( -3) 0.993 ( -3)  
 0.992 (  4) 0.991 ( -4) 0.991 ( -4)  
 0.991 (  5) 0.990 ( -5) 0.990 ( -5)  
 0.989 (  6) 0.989 ( -6) 0.989 ( -6)  
 0.988 (  7) 0.988 ( -7) 0.988 ( -7)  
 0.987 (  8) 0.987 ( -8) 0.987 ( -8)  
 0.986 (  9) 0.986 ( -9) 0.986 ( -9)  
 0.985 ( 10) 0.985 (-10) 0.985 (-10)  
 0.984 ( 11) 0.984 (-11) 0.984 (-11)  
 0.983 ( 12) 0.983 (-12) 0.983 (-12)  
 0.982 ( 13) 0.982 (-13) 0.982 (-13)  
 0.982 ( 14) 0.981 (-14) 0.981 (-14)  
 0.980 ( 15) 0.980 (-15) 0.980 (-15)  
 0.979 ( 16) 0.979 (-16) 0.979 (-16)  
 0.978 ( 17) 0.978 (-17) 0.978 (-17)  
 0.977 ( 18) 0.976 (-18) 0.976 (-18)  
 0.975 ( 19) 0.975 (-19) 0.975 (-19)  
 0.974 ( 20) 0.974 (-20) 0.974 (-20)  
 0.973 ( 21) 0.973 (-21) 0.973 (-21)  
 0.972 ( 22) 0.972 (-22) 0.972 (-22)  
 0.971 ( 23) 0.971 (-23) 0.971 (-23)  
 0.970 ( 24) 0.970 (-24) 0.970 (-24)  
 0.969 ( 25) 0.969 (-25) 0.969 (-25)  
 0.968 ( 26) 0.967 (-26) 0.967 (-26)  
 0.967 ( 27) 0.966 (-27) 0.966 (-27)  
 0.966 ( 28) 0.965 (-28) 0.965 (-28)  
 0.965 ( 29) 0.964 (-29) 0.964 (-29)  
 0.964 ( 30) 0.963 (-30) 0.963 (-30)  

, , KLSE.Close

 KLSE.Open   KLSE.Close  KLSE.Adjusted
 1.000 (  0) 1.000 (  0) 1.000 (  0)  
 0.997 (  1) 0.997 (  1) 0.997 ( -1)  
 0.996 (  2) 0.995 (  2) 0.995 ( -2)  
 0.994 (  3) 0.993 (  3) 0.993 ( -3)  
 0.992 (  4) 0.992 (  4) 0.992 ( -4)  
 0.991 (  5) 0.990 (  5) 0.990 ( -5)  
 0.990 (  6) 0.989 (  6) 0.989 ( -6)  
 0.989 (  7) 0.988 (  7) 0.988 ( -7)  
 0.987 (  8) 0.987 (  8) 0.987 ( -8)  
 0.986 (  9) 0.986 (  9) 0.986 ( -9)  
 0.985 ( 10) 0.985 ( 10) 0.985 (-10)  
 0.984 ( 11) 0.984 ( 11) 0.984 (-11)  
 0.983 ( 12) 0.983 ( 12) 0.983 (-12)  
 0.982 ( 13) 0.982 ( 13) 0.982 (-13)  
 0.982 ( 14) 0.982 ( 14) 0.982 (-14)  
 0.981 ( 15) 0.980 ( 15) 0.980 (-15)  
 0.980 ( 16) 0.979 ( 16) 0.979 (-16)  
 0.978 ( 17) 0.978 ( 17) 0.978 (-17)  
 0.977 ( 18) 0.977 ( 18) 0.977 (-18)  
 0.976 ( 19) 0.976 ( 19) 0.976 (-19)  
 0.975 ( 20) 0.975 ( 20) 0.975 (-20)  
 0.974 ( 21) 0.973 ( 21) 0.973 (-21)  
 0.973 ( 22) 0.972 ( 22) 0.972 (-22)  
 0.972 ( 23) 0.971 ( 23) 0.971 (-23)  
 0.970 ( 24) 0.970 ( 24) 0.970 (-24)  
 0.969 ( 25) 0.969 ( 25) 0.969 (-25)  
 0.968 ( 26) 0.968 ( 26) 0.968 (-26)  
 0.967 ( 27) 0.967 ( 27) 0.967 (-27)  
 0.966 ( 28) 0.966 ( 28) 0.966 (-28)  
 0.965 ( 29) 0.965 ( 29) 0.965 (-29)  
 0.964 ( 30) 0.964 ( 30) 0.964 (-30)  

, , KLSE.Adjusted

 KLSE.Open   KLSE.Close  KLSE.Adjusted
 1.000 (  0) 1.000 (  0) 1.000 (  0)  
 0.997 (  1) 0.997 (  1) 0.997 (  1)  
 0.996 (  2) 0.995 (  2) 0.995 (  2)  
 0.994 (  3) 0.993 (  3) 0.993 (  3)  
 0.992 (  4) 0.992 (  4) 0.992 (  4)  
 0.991 (  5) 0.990 (  5) 0.990 (  5)  
 0.990 (  6) 0.989 (  6) 0.989 (  6)  
 0.989 (  7) 0.988 (  7) 0.988 (  7)  
 0.987 (  8) 0.987 (  8) 0.987 (  8)  
 0.986 (  9) 0.986 (  9) 0.986 (  9)  
 0.985 ( 10) 0.985 ( 10) 0.985 ( 10)  
 0.984 ( 11) 0.984 ( 11) 0.984 ( 11)  
 0.983 ( 12) 0.983 ( 12) 0.983 ( 12)  
 0.982 ( 13) 0.982 ( 13) 0.982 ( 13)  
 0.982 ( 14) 0.982 ( 14) 0.982 ( 14)  
 0.981 ( 15) 0.980 ( 15) 0.980 ( 15)  
 0.980 ( 16) 0.979 ( 16) 0.979 ( 16)  
 0.978 ( 17) 0.978 ( 17) 0.978 ( 17)  
 0.977 ( 18) 0.977 ( 18) 0.977 ( 18)  
 0.976 ( 19) 0.976 ( 19) 0.976 ( 19)  
 0.975 ( 20) 0.975 ( 20) 0.975 ( 20)  
 0.974 ( 21) 0.973 ( 21) 0.973 ( 21)  
 0.973 ( 22) 0.972 ( 22) 0.972 ( 22)  
 0.972 ( 23) 0.971 ( 23) 0.971 ( 23)  
 0.970 ( 24) 0.970 ( 24) 0.970 ( 24)  
 0.969 ( 25) 0.969 ( 25) 0.969 ( 25)  
 0.968 ( 26) 0.968 ( 26) 0.968 ( 26)  
 0.967 ( 27) 0.967 ( 27) 0.967 ( 27)  
 0.966 ( 28) 0.966 ( 28) 0.966 ( 28)  
 0.965 ( 29) 0.965 ( 29) 0.965 ( 29)  
 0.964 ( 30) 0.964 ( 30) 0.964 ( 30)  

