rice
860.00
847.00
847.00
853.00
829.00
829.00
812.00
812.00
794.00
794.00
773.00
773.00
730.00
757.00
752.00
742.00
742.00
730.00
689.00
667.00
667.00
606.00
576.00
576.00
574.00
574.00
568.00
567.00
565.00
565.00
565.00
565.00
575.00
575.00
589.00
591.00
588.00
588.00
597.00
589.00
587.00
587.00
607.00
611.00
581.00
566.00
550.00
550.00
539.00
539.00
521.00
521.00
543.00
552.00
552.00
550.00
550.00
550.00
550.00
558.00
558.00
545.00
545.00
543.00
527.00
513.00
513.00
527.00
530.00
536.00
520.00
507.00
494.00
492.00
492.00
508.00
508.00
508.00
589.00
604.00
604.00
589.00
589.00
589.00
573.00
574.00
561.00
558.00
558.00
552.00
536.00
511.00
503.00
494.00
497.00
499.00
482.00
475.00
475.00
446.00
446.00
446.00
445.00
445.00
445.00
442.00
442.00
442.00
445.00
450.00
450.00
435.00
429.00
430.00
430.00
430.00
460.00
469.00
469.00
475.00
478.00
490.00
491.00
489.00
489.00
489.00
489.00
489.00
489.00
531.00
531.00
547.00
547.00
546.00
545.00
534.00
527.00
524.00
522.00
514.00
514.00
538.00
534.00
529.00
513.00
508.00
500.00
495.00
495.00
490.00
490.00
486.00
486.00
486.00
485.00
485.00
473.00
478.00
486.00
507.00
523.00
500.00
516.00
534.00
543.00
547.00
547.00
543.00
562.00
597.00
575.00
609.00
609.00
600.00
600.00
596.00
600.00
605.00
605.00
608.00
628.00
628.00
635.00
634.00
627.00
602.00
571.00
564.00
564.00
564.00
564.00
526.00
526.00
546.00
543.00
546.00
546.00
546.00
546.00
546.00
546.00
546.00
546.00
546.00
546.00
574.00
602.00
612.00
609.00
603.00
609.00
607.00
609.00
603.00
609.00
609.00
609.00
552.00
552.00
558.00
558.00
560.00
560.00
560.00
584.00
570.00
570.00
570.00
570.00
570.00
575.00
575.00
575.00
575.00
575.00
575.00
575.00
575.00
578.00
577.00
577.00
581.00
591.00
593.00
593.00
593.00
593.00
593.00
593.00
593.00
573.00
566.00
558.00
558.00
564.00
564.00
564.00
564.00
564.00
548.00
548.00
548.00
535.00
535.00
532.00
516.00
516.00
516.00
519.00
521.00
514.00
506.00
498.00
458.00
436.00
435.00
435.00
442.00
438.00
438.00
438.00
432.00
426.00
429.00
432.00
427.00
427.00
427.00
444.00
447.00
444.00
444.00
444.00
432.00
432.00
448.00
448.00
449.00
449.00
457.00
457.00
442.00
428.00
406.00
385.00
387.00
387.00
387.00
389.00
389.00
389.00
382.00
380.00
378.00
384.00
386.00
392.00
402.00
403.00
403.00
421.00
421.00
426.00
426.00
426.00
440.00
440.00
416.00
425.00
427.00
427.00
422.00
423.00
423.00
420.00
417.00
415.00
406.00
406.00
406.00
412.00
413.00
410.00
410.00
410.00
412.00
413.00
414.00
416.00
417.00
417.00
417.00
410.00
413.00
409.00
397.00
395.00
395.00
395.00
395.00
394.00
387.00
375.00
375.00
375.00
374.00
373.00
367.00
367.00
374.00
375.00
384.00
398.00
383.00
383.00
372.00
371.00
364.00
363.00
362.00
354.00
348.00
346.00
344.00
366.00
