3.45914163355724
3.49839906251839
3.84187838727036
3.71026491451026
3.61432082975105
3.78072826292284
3.91200363308072
3.4672174626947
3.49334262909296
3.45291035473855
3.41683218614337
5.61558921015259
4.85693777184997
4.96787903388373
5.84418076367444
6.59639150783746
4.38887576164803
4.48485318088627
3.86430158556827
4.09037027204186
3.80191603366276
3.70008045615213
3.77511083077501
4.35151404794608
4.18024400227987
3.98633837771181
4.04467078508765
4.22898178340169
3.71560901960196
3.81459429987456
3.66726164740342
3.57287382424847
3.84133727799884
4.55002973167049
4.29020335270846
4.08632550524454
4.45068918498904
4.74389848911985
4.03418665785698
3.61057007409644
3.62008251946315
3.46028417198076
3.48425752261504
3.50719664978772
3.56095953672874
3.52169309060792
3.4791422856664
3.50163543336296
3.8353854618474
3.67066924342303
3.53615821436179
3.66449656119062
3.95171927839164
3.64592588330802
3.59022611304353
3.91769736520161
4.11863830981672
3.87757408436111
3.79525060634782
3.87363386055041
3.67630333624739
3.46652691927767
3.41214146647517
3.54460176307317
3.64963995098831
3.54373971709385
3.58931535409063
3.64029882821994
3.55351951489332
4.32189092516727
3.91561854481158
3.7473826011311
4.14985743737472
4.54850619642127
3.47136291760362
3.32066955688823
3.29002197567935
3.41778393772232
3.68097257302882
3.4069306228912
3.54308516722128
3.61554588164482
3.59116545550142
3.3665012492849
3.4155107567554
3.34964708579561
3.29825740252812
3.32969442954193
3.38167887161902
3.46876583521108
3.31610279797542
3.38624927043726
3.36554920717928
3.37313529046436
3.29334861752059
3.34448524884339
3.2794054585839
3.30068704697952
3.39468054844463
3.60630677239782
3.46493985961412
3.49245063947112
3.79716477257559
3.86846744160829
3.48110930981656
3.60137501646679
3.72027257171866
3.58827143095103
3.37466087792542
3.49411418473232
3.37595650251045
3.31382807800535
3.2565165450689
3.27774541540397
3.21867377121802
3.26763820463498
3.24876540780942
3.82451678420993
3.76991165368727
3.68604243674347
4.00082111704776
4.19369782954604
3.53328421491296
3.39633444406022
3.40027112965058
3.23284551027408
3.39915716443232
3.54261062538976
3.4231806164786
3.66956367394378
3.69231019792868
3.77065185535651
3.85420278775175
3.88134437677232
3.75968527117635
3.93261081374521
4.08744044101633
3.60593422953604
3.43496085782065
3.45465066984498
3.51424604033702
3.26349712892661
3.3082357401331
3.45520513525257
3.30945597064037
3.29263291781997
3.32232315928992
3.3916875204725
3.22497931679608
3.46301005439679
3.48051182168418
3.41605462420083
3.47498983548593
3.62454338171837
3.56113326774783
3.51797900043138
3.48717063849856
3.54386458799634
4.18843358566205
3.80602998315235
3.51739920909903
3.97024943566106
4.03413884787535
3.37964079825031
3.43445972414619
4.28234541639267
3.58379291413288
3.52545414673778
3.8077803855253
4.1671148807952
3.33090288812806
3.30140123558263
3.45510036945076
3.6703944742581
3.60730124632965
3.47922641910514
3.58640708711832
3.53469309763503
3.54990928562763
3.58431635720661
3.56434395267931
3.56144750011614
3.72535729922681
3.55945172541879
3.273107602015
3.13785908654045
3.18217551086272
3.17077498485634
3.14081151347809
3.12926564111465
3.12122617184277
3.24484899799177
3.15497763268268
3.13909779924417
3.36985154851542
3.30929195429015
3.1437098232461
3.28066925614893
3.47770308243658
3.26930546623097
3.48025488464401
3.5009479823509
3.45146018593463
3.30746788330434
3.30314119940725
3.17387512090054
3.31693367141218
3.21236746020004
3.22723081989997
4.08659744451027
3.94374884098271
3.5842305960936
3.94209410526508
4.0550644896681
3.35096267768791
3.15238552294679
3.14111974297655
3.12391323078732
3.32289487820592
3.1747063276255
3.269191298332
3.28613605002468
3.27728849643395
3.20970593140686
3.32740478217141
3.47396331594588
3.53444421063569
3.58049081213033
3.89721145228645
3.86003768330836
3.79087132789978
9.66819248560228
8.08582593878993
7.18279454709521
9.76691727433708
10.077461018273
3.52813993321524
3.45194194275551
3.5207321760712
3.6536606064575
3.58674785438574
3.28068814936383
3.22628361980662
3.43921950545869
3.44335265617588
3.70257573498498
3.6515601259481
3.60061960098967
3.68346779214323
3.75524742838024
3.16215264878222
3.15738618649164
3.32945589274072
3.45664396642171
3.23020429117227
3.33273433278315
3.58335312226523
3.38360177244905
3.28506184486922
3.32961124486194
3.286976238801
3.39321191289763
3.37151335644724
3.23971364505572
3.37852722022073
3.33651079176789
3.06847888677083
3.02894059593894
3.00251228162711
3.03757648586624
3.02534079883845
3.06725092576435
3.2641513501203
3.24728738217108
3.31157935265332
3.34225542119256
3.30163890403715
3.35352729331114
3.28701195538249
3.11981379980483
3.19825557320375
3.37845877315754
3.14329675505107
3.12393021428855
3.17519699336511
3.16349734151433
2.97926127671977
2.97848988111126
2.96461798189218
3.0537731608899
3.08623828374468
3.18128311571683
3.21312957323484
3.29166044166357
3.24277658918896
3.15852259363988
3.11017218152316
3.12146579476837
3.1403601262366
3.06530087862228
3.06456654912734
3.11722636625246
3.13742363571314
2.99596741732339
2.98638164321449
2.98969062328186
3.00195028802755
2.94440968684413
2.90412528053696
2.89603055675959
2.897758927257
2.88144788480093
2.89456480669603
2.89573246202536
2.9016447868114
3.02024338879
2.99677757232476
2.97287651053429
3.04743185382397
3.12466097630042
2.98239896457031
3.01237532365476
3.0395711771278
3.04174018608734
3.63442331709075
3.44318750819212
3.31486782851927
3.67695729695292
3.6634840579735
2.92848143138016
2.92876688344394
2.96471834904146
2.92305454057496
2.88335806093303
2.89549629391403
2.90601781017216
2.93333759347161
2.92293769320366
3.00225409151689
3.01896734103822
2.97432145777809
2.96193601578199
3.12483107991217
2.98332691190545
2.9801459353319
3.15130559114869
3.11724418737893
2.9685786091618
3.01115558382826
2.95954756623091
2.87646358417886
2.87418102560926
2.8343425012435
2.88205040943792
2.88265275393654
3.04238815603923
3.07705784441615
3.05556724748676
3.10825206538681
3.13537460111991
2.9696625608708
2.88962695728298
2.9020072174792
2.96404953587654
2.97387263905485
2.96900038026918
2.99458320355203
3.05371202117348
3.25582356547578
3.79195945563131
3.7130266070994
3.92705227279762
4.09757879332683
3.76124483154018
3.09859726320431
3.01713665001881
2.82191177990278
2.81556985014202
2.82773311713914
2.82304226787008
2.81446239017142
2.81442068109726
3.17388838413336
3.54949019241838
3.46993022264086
3.58231536958626
3.81566741082785
3.4694682594878
3.079495599958
2.95216654883783
2.93652043657181
2.9972503054635
2.98587269992397
2.8314662883285
2.93804298623884
2.89835907509617
2.98135173415171
2.9868247401977
2.96151001222973
2.87921822538281
2.87845156096644
2.76904178985965
3.12855450417473
3.06244257368836
3.03486088564662
3.25437428778119
3.24583803669552
2.85745277122979
2.98785342524886
3.11057392775129
3.07247658036863
3.08428671324697
4.04568272136532
3.79123971906041
3.45391324698494
3.91295595420232
3.92842561084886
2.9690538730898
3.1698136357588
3.18881799222954
3.11324153641693
3.18009559253214
3.14536448406825
3.13847026136471
3.05490950635268
2.98578586107959
3.15874800098041
3.42141800746784
3.09696175639105
3.07147536534711
3.42416096255804
3.40634531579737
3.036444391091
3.18758692119184
4.16952743361401
4.12265022621946
3.80429735516835
4.30846946569227
4.50128845694616
3.39856077864808
3.02152306022878
3.01874702617846
2.95283920696439
2.9093936301824
2.84033338767883
6.83634307135408
6.08338808544317
6.00007034149705
8.03228742293026
8.05131557325452
3.56268604253656
4.04474316332263
3.47747379797685
3.54692362231421
3.72390108181777
4.12789363608308
3.62840057463981
3.74776469957687
4.04180889784193
4.85900302364365
4.43530958102526
4.4699924605371
4.86079968549699
5.24223440082935
3.88246408990026
3.80936716197456
5.0221723139962
4.59092561326328
3.5165159307072
3.87383099745445
4.45410221817649
4.03991527331915
3.87658700273286
4.1257532177941
4.37769684074565
3.71807140954049
3.84416453560002
3.70159247784938
3.50628766051049
4.05192841456752
4.55152242427849
3.69607126489561
4.05746305402555
4.18471583045092
3.77387969046962
3.38481787363038
3.45657693930112
3.0980927581998
3.22400416506135
3.18159391148084
4.51667463821537
5.73728609538473
7.07468989729028
8.39396914300599
8.75974754931417
8.10998486635238
7.48305858727945
5.75019419648312
4.06484773456019
5.99505320750104
6.10726980272645
5.32082673397287
5.89676388450857
6.24174976148859
3.88561335892242
5.71404467638638
7.10874541247137
13.2282619990121
13.7180161921533
12.843208168624
17.4717367630459
64.1231693087774
28.1598905903952
34.6073862478886
70.5274673721702
41.0343980687344
4.22881337724324
3.72958049716229
3.30465429791199
3.86243011189489
4.97796816512279
4.00470936904324
4.19577418794309
6.94355848317045
5.65888734959427
4.26618635860002
5.63813548199255
5.49111006512646
3.81170713673582
4.24873698080525
4.84497409689212
4.22812065851533
4.88953529435427
5.33527859481594
5.26501538610868
3.72104602238642
6.07917513782476
5.76492697886064
7.22614204628011
6.8219885095035
6.21307989085597
6.19472356222305
5.26620279965177
5.95419789529974
4.48836359802
4.27125364335827
5.64718884748918
4.8487169814749
3.40303847772614
3.94454908133987
3.51578353218447
3.49749198005286
3.90860038368116
3.76640291909677
3.28619610275911
3.17371828330824
3.34702094923495
3.67949580570347
3.24263619949176
3.79764379575655
3.55375636700328
3.34989911896511
4.51260723382818
3.74373393223867
3.15330136896636
3.63338033002053
3.33130579216688
3.22899361892753
3.29338237729455
3.54019158274429
4.34075578434704
3.90245403237474
3.88224475693559
4.19561532659897
3.65917969475486
5.23370371244987
5.46774442692475
4.34185814459652
6.03594226906227
5.66030368651625
3.91032559056907
4.21496392904821
5.0988083365808
4.27322033099347
3.74649471002843
4.43060977698032
4.24013135076893
3.28574835687494
3.34019682205855
3.15158888561643
3.37998360725937
3.25455729965458
3.52130446034829
3.92467057205728
3.726540972825
3.43926153991655
3.66556188626714
3.64189052007551
3.64144167900727
3.61134948274848
4.02756431038617
7.93884290778342
6.06082323887151
5.6635831487706
9.39276886816765
7.72213468032532
2.84968702210825
2.91428329664027
3.66048246026082
3.32427311422286
3.37831532184576
3.97224162732783
3.733998197888
2.72074066749772
2.80976403468397
3.03372120094968
3.27174671645494
3.11719205622344
3.25857854774715
3.40156726689259
3.14170240055717
3.57263833997871
3.30261873663395
3.43459189058156
4.2378994103158
3.89846344477025
3.51720008258029
3.41442803505218
3.53387629814268
4.1774136026208
4.12718233932103
3.3120628385222
3.02777389887836
3.31952878307504
3.15303159058779
3.4803137785936
5.55751150133953
4.87016072267376
4.79375978652562
10.630575029882
9.6773775337546
10.3772056592802
16.4220145546122
15.7243071012624
11.4682392130016
10.2159320016377
6.22417773374328
3.13342439464703
3.874049358806
3.8275705211575
3.80815561650725
5.23358182783636
4.9330550675381
4.51463266496518
4.33426585815898
4.43090937469941
4.04562788174513
3.96132545050374
3.90648094770362
3.8366298017294
3.25714794123086
3.90952927443281
3.65406853346984
3.46437984830106
3.8705736961752
3.72120425612327
3.19522847358612
4.16846215678012
3.93497672696415
4.30247190014268
5.15879036510168
7.19069439659848
5.14345944905967
5.04123422932722
6.79797149242555
6.12065633356037
3.95221912626611
3.21497618681835
3.2920627174994
3.96336324627374
3.63942638972424
3.02243648486494
2.96458092237046
4.32377543877576
3.95314583398622
4.18215602782678
4.75104473520937
5.48242244156942
4.99762242717993
4.6340924972661
5.39431887380268
6.00715764161339
4.31335711988374
3.34627461437401
3.71529228866108
3.79131416058348
4.11012362101855
4.52553970813947
3.88469858516241
3.08163277364785
2.87030603020242
2.87668577936175
3.0068767995449
2.81987699456922
2.82288641368969
4.07573580551988
3.66187641652983
3.91157914204657
6.33995164887265
6.66711438222041
5.62734297022929
8.66014454677897
7.91647691738684
5.922376508715
5.79026549357054
8.72297540047684
5.57383153933063
6.01493105883004
9.05988926712772
7.49921289763412
3.76210599286111
4.02881103413199
3.61775313496959
3.40052908739972
3.36249656178807
3.44706064879564
3.95022085103074
4.67863487960996
5.15421147049323
4.78121650349721
5.60785120602189
6.81745256213839
5.1549957446018
4.5858962489736
4.19230053607361
4.30465297310772
5.76968156188894
5.49077361904893
4.42046514247499
4.98899908944388
6.6699624015248
4.89999825242148
5.21440122476935
7.7379636224707
7.29784733525953
14.2460574420911
15.7496823471577
15.9111486432693
22.2614839255489
19.2896124823363
10.0125523722151
7.81737012619429
6.65367778491594
7.38753813576021
6.02652000165447
6.70616515993802
8.03444573352445
11.0607641218912
5.73593405197686
6.41981962047817
14.753729155367
11.0077886757918
9.6964439445327
14.4918468418333
12.6755527225376
9.05713204450638
9.61171357112488
9.08067674760569
7.57629766621169
7.44505514459274
5.75843695061844
5.59114160341662
4.84501792428299
3.75671996689727
4.00837691732998
4.77686788054209
6.00933628704711
5.45349485048742
6.96331010525269
7.37930011148426
6.14889642687856
4.11505248121672
3.87683006796353
4.78185706069528
4.45052054788025
5.04634145400733
5.25419575853568
5.10067904233323
4.44457726668806
3.69134162567193
4.00121296826691
4.54842896172402
4.59462613705305
3.07180415888727
3.58616834754165
5.23880493729025
5.68192305756012
5.65064125164914
9.3443613017094
8.20858139780281
10.3871608210451
8.88232498724217
11.3624281782368
8.60862873351087
8.67656230863399
5.63572249024629
5.24095071972867
3.40937005588565
5.53801579030809
5.34332903401292
5.69444452527781
6.68870678095629
6.91592485190696
4.93896629557748
4.61001367682086
5.30987947893091
5.54408211747546
4.77133217150441
3.70874028821632
3.4927781582612
3.23057929711936
4.14044873208334
4.73048238287701
6.16836540275777
6.44674558667198
7.11185920951592
6.60999067308092
5.10439795880536
3.49283064199045
3.73307858807287
3.7899188992274
3.19424480705741
2.89243146534691
3.00569182842941
3.00473480703133
3.01519977623695
3.02236038076531
2.96160902331444
2.72088535702546
2.69990222943843
2.82050653139048
2.8593210276354
3.39458689683979
3.57881932120054
3.71097694533258
4.1692513544811
3.99772524480163
3.57315551669414
3.57751176160383
4.4803720979984
5.01895736383187
5.69909807223337
6.15692881558481
6.45950737939799
5.29104175944303
5.22484742889737
4.14553080996443
5.10704588325695
6.85879114666266
7.20265676832842
5.94851017307099
6.18752687874871
7.20862596247069
5.28287406628127
6.02729640313856
5.93219548123045
6.15662076930238
5.64467682852074
7.59836654199175
5.540249272287
6.5003703089838
7.63345489912555
6.30442783156232
3.36050732621672
3.55271458292966
3.45565228252202
3.96505519687704
3.96250664982862
4.28309124947411
4.0389151857541
3.90166615989749
3.69641719003038
3.68823763574112
3.56926840525013
3.84827366722391
3.7142000261607
4.15806727994825
4.36028192250976
3.92062078512356
5.15998840500275
4.74708582384854
5.43085612852843
6.01605822656339
6.17282373828444
4.50632540116001
4.10228797404287
3.90577189189233
3.97164155642606
3.64696416982046
3.31091110053069
3.30836880737417
2.87831687871521
2.88154154592955
4.28067100809959
4.14548055190605
4.65747308608502
5.15336443470288
5.05106650605962
3.56210973068171
4.2476268801793
4.55892387918021
4.62624024219522
5.45017511275447
6.19011339280634
4.96924471917375
3.87662480356764
4.23164265439098
4.21271520228281
3.55678091895745
3.17577053164898
3.95663426477653
4.47796237659799
5.07471173756017
7.58421172464682
7.00961613702682
6.74411846079063
7.10360141920174
6.02129860943461
3.36979696967003
3.2730568487383
3.23548829369955
3.36982836060807
3.45037528289026
3.32986095756646
3.42216296580149
3.40520194198994
3.11785447707561
2.97314133840427
2.93509666749399
3.11491161509294
3.09180834582146
3.13274795588569
3.26226938186008
3.13221123192548
2.94211502348959
3.12891626169374
3.82357491358795
3.76074566431269
4.81403177173766
4.752386770103
4.88476590336731
4.30355911781972
4.02617906477199
3.08196015324486
3.02380619001921
3.15745937132858
3.07208531096575
4.50612379037946
4.37767694360679
4.66458420118031
4.67845062235522
5.92282314922032
3.90181791433644
4.25446439117873
4.86232635529933
5.28313319151993
3.83339250349997
4.71392650646748
8.93267228215992
10.0368366172311
9.76557339657318
10.9388666636427
9.99311284342607
4.96865242604321
2.84503318697052
2.91496425064086
3.28061912959779
3.05059090160057
3.28904943922059
3.32448915403532
3.54433694955863
3.18960433975555
3.18977965536877
3.21728673592738
3.22284593815403
2.92819483288409
3.05202042646244
3.43926642875539
3.02457506304364
2.96578520641606
3.12016479485695
3.04934961457128
2.82582065777013
2.83635192307156
2.85429345959327
2.98175083749198
4.21186291012549
3.79827637442096
4.43181889574658
5.00872691268525
5.05069673380821
3.78809852087796
3.54880308290986
3.47912255739728
3.15495015858602
3.28407383752031
3.53302228061261
3.5229798821614
3.36266405383145
3.53139796405427
3.40551562499288
3.43598878357124
3.42896220691633
4.30079684308825
3.78532062267669
3.87556684310682
4.58899291338007
4.3817280461252
3.15507332655595
3.09369162493381
3.18345015830717
3.2882429036387
3.16624550179839
3.27706359527689
3.41396341070488
3.15034097423779
2.63731264359794
2.60410566550067
2.63419829244818
2.84016634467189
2.85222856248875
2.89491579103927
3.09290268389471
2.98875658120022
3.37306933030716
3.21574992040121
3.3313878249602
3.55325335019937
4.44379286724308
3.67734054339148
3.95223595223926
4.44254672108475
4.30017557520749
3.31379739391649
2.93628029360297
2.71442921912424
2.79670536885275
2.77062891606096
2.59462449223696
2.59276764536834
2.62339812052137
2.61049836508462
2.64373994696144
2.84432404360591
2.84183730208817
2.95601017560997
3.07517879654389
3.25243597177595
2.96238168355509
2.93398194508006
3.06073916603433
3.04575535557199
2.7259068493323
2.73565438117511
2.73722286774954
2.62075665058368
2.5860785414375
2.59087396886377
3.13414579201666
2.99696692432698
3.32222080779947
3.47011841664075
3.29212015593628
2.86027294215939
3.11834538945411
2.76324131035118
2.8922090514254
3.16405932919799
3.02348575752501
4.28543011207409
4.0372958635642
4.26596516117262
4.94456198845786
5.07004911685231
3.36800410222497
3.16421235592898
3.32488112889954
3.14155966587494
2.766971136907
2.74471740751551
3.2107873442015
3.11571409466778
3.15465646046333
3.29492173071382
4.21424333685949
3.34530572788494
3.40392791348277
4.00602246785098
4.13077819861891
2.92704930903026
3.07498085589482
3.49963706569185
3.29254857367253
3.94342879752698
3.62714192316062
3.68708200286247
3.93369355313516
3.83249967501495
3.26025925097684
3.08602657178431
3.333090305844
3.64204806584863
3.34611274970285
3.13154270461935
3.06102572408706
3.09422322074076
3.18877327518104
3.43632827283472
2.98790047891285
3.0958686116263
3.6891246979577
4.01147258593764
3.36393681369929
3.90690120717361
3.85135185373816
3.86407168797125
3.38021860956435
3.54405178933537
3.22624845511396
3.26033143248278
3.03794431740852
3.01103284675562
2.90990406112024
3.58590094677162
3.25631715828564
3.44439468059271
3.54996842521408
4.34022338893314
3.74380743000716
3.7664856734057
4.40995669384162
4.15867265226573
3.1846465436552
3.22897749416653
3.20257041010012
2.7511501850374
2.77844871734537
2.8076379515799
2.85818809047945
2.82380888494701
2.79197731750331
3.14795966765249
3.04322892845718
3.07295035995542
2.98931552982382
3.44176003671349
3.8985585594678
3.78220431077392
4.28244378869687
4.42745798471626
3.80901487668685
3.1396924534658
3.15720152605141
2.69670235743391
4.8098472726695
4.24481103892284
4.54860354507698
5.26896130768594
4.69561884950681
2.69474292992343
2.71101229527748
2.87498360601279
2.93418650119942
3.14186458758347
2.9188989186672
2.91061555849741
2.92749079345127
2.87132365696196
3.03129219315262
2.92616124315315
2.83028302854866
3.29740963881571
3.07777025977151
2.80512574732835
3.05512617681669
3.03779490273074
3.11988151980701
3.00304770972416
3.28190632209299
3.47921577617615
3.75663738508522
3.07602638289783
3.3211362820017
3.44025872851385
3.38166655927374
3.22623966735618
3.1823349231918
2.97626778082538
2.97656750941278
2.98677615395135
2.8352971255647
2.8080619382696
3.22549420278408
3.17034250684627
3.16239900209588
3.17237693481795
2.99380711016477
2.7686851714115
2.9232145302107
2.71224121100118
2.83028076914278
3.49206050108386
3.32441836232276
3.45920022538153
3.8987857054338
3.4276739288275
2.63240484133651
2.76644950749059
2.67718598662104
2.54715067904776
3.05328828561117
2.86762810166496
2.79502896493001
3.06628969941622
2.95259503787911
2.5256670159148
2.422516689431
2.4400920917371
2.68534136771459
2.78654257295716
3.22384342801188
3.66777253434296
3.69555416044538
4.50149314986105
4.44580805011087
3.97653904245693
3.88480979412281
3.78384722752967
3.32837235922568
2.923936940136
2.72393862554559
2.81541164686592
2.685205086114
2.48831615935066
2.55675278026377
2.6169842543012
2.45532764995002
3.4891344084765
3.11520607686224
3.28959701177879
