1.10672575449944
1.09215876574135
1.18878590359022
1.18161083836661
1.15982392011468
1.14281494627877
1.12384374791995
1.10402563713618
1.11092172380692
1.09042339201465
1.07039551447323
1.51627064304377
1.49205451588708
1.59836122180948
1.59748980408841
1.62319475425705
1.61623356104292
1.58598460427519
1.55768355509643
1.57520854901142
1.56275832344823
1.57123568739368
1.55224155128009
1.63468373393904
1.63612473716485
1.60253537124396
1.57618200219917
1.54462651987097
1.52755780797661
1.55721887480811
1.52748163753968
1.49789155146659
1.48636275916798
1.6086158592727
1.64175306675154
1.62022110072216
1.60606625091864
1.57444125777476
1.54736842910628
1.52362971248538
1.51338631456072
1.49062796148734
1.47082029909274
1.44429304824668
1.43046469410228
1.41706257458477
1.39419067009856
1.38031942815548
1.42269238269243
1.40245351559873
1.37789565308942
1.3535147705309
1.37208541111568
1.37774897258252
1.37093937470867
1.40591906599982
1.40940277364672
1.40151136046345
1.37924470108526
1.35951205422614
1.34324312321377
1.3227075268146
1.31702620198812
1.31892706078688
1.33010364901574
1.31330175120524
1.29525206052547
1.27565477122017
1.25598510359499
1.4422223168246
1.43681818529783
1.41100575148458
1.38656460085746
1.36340759919312
1.35982720749144
1.33866247989708
1.31759791391535
1.30798290565581
1.32785317829658
1.30571725479755
1.30734037275115
1.28785592822867
1.26687774272036
1.24960613191253
1.23066676687181
1.22952969068156
1.20992093568632
1.19654965804364
1.18661178787456
1.18153846421777
1.16565353771512
1.16031959281865
1.14157133927178
1.13614957068313
1.12241691935765
1.12115106412316
1.10328903111444
1.08850047354642
1.09623482009664
1.13392318088959
1.1305348451084
1.1224280773807
1.15185514732326
1.18181067690617
1.16416746240155
1.1683766593292
1.16239472973649
1.1549730723636
1.13585626974291
1.12775449810459
1.1105903753433
1.096743013954
1.07922851766169
1.06173729320903
1.04620628536226
1.04063307897666
1.03116432431462
1.14438888587093
1.16416645706185
1.15716088084037
1.18416874132367
1.16403037963073
1.14607908126483
1.13017799627138
1.11102711086853
1.10140277176869
1.13116489808569
1.17807327487184
1.15727029883154
1.17114802820762
1.15094985864908
1.18857111900654
1.26468601694109
1.2690691770493
1.27499296742374
1.25199516057276
1.28095678578274
1.25870384886057
1.23761373737186
1.23238135985661
1.21507630771427
1.20320425819323
1.18973277682777
1.1929322845754
1.17421771959812
1.15483934515997
1.13653881610242
1.12716870686439
1.1144782328966
1.14483966703205
1.15299806275984
1.13432041721525
1.12135791441457
1.11189582362494
1.14993289287426
1.16466612238316
1.15884827918794
1.1443868814419
1.24798637146211
1.24027784385145
1.21801286518336
1.25053337598941
1.22880921972992
1.21063080899029
1.1951431375194
1.3304530767646
1.30976330044661
1.28883945659295
1.26636905113106
1.26586108966216
1.26149952969387
1.24791170110609
1.25876438984796
1.2698680192361
1.26695694200167
1.24616901259206
1.23175431909971
1.21809098988246
1.23822520097484
1.26344647281118
1.26096214527816
1.24197901618232
1.22318028835829
1.2030385313915
1.1833822399304
1.16396900256644
1.14537197252773
1.13130303865788
1.11528732959742
1.10105503629905
1.08444298455239
1.10475204686609
1.08720656422623
1.06948405560866
1.09394449536012
1.07700340984329
1.06277998422871
1.06496897991189
1.08997789043457
1.07970733995203
1.10329068024179
1.09292791166613
1.07992665066485
1.0622214416626
1.04970438658059
1.04757688914913
1.08112951425532
1.06355179032402
1.04619262006386
1.21010336508832
1.240659850521
1.21885946744879
1.20535132124005
1.18648256273206
1.1854279618804
1.17108782085994
1.15227493009295
1.13233950489039
1.14806307153469
1.12944906472136
1.13821185030449
1.11979229992826
1.10425613567969
1.09631186790539
1.10495618731621
1.14901540638327
1.17033558128423
1.1599625642192
1.19869728869341
1.19754305072759
1.23379078488105
2.1429940481102
2.10390114489293
2.05571275129325
2.00838694913058
1.9969389343125
1.98910345820742
1.95345115713047
1.91263905459059
1.87679796780898
1.86907309445999
1.82747217702935
1.79519620709706
1.77569954266984
1.75354613263185
1.78852588396994
1.75710904702186
1.72778604681757
1.70279218705846
1.69371204652741
1.66305066191469
1.6351587760805
1.62836669482665
1.62841001584894
1.60205498782519
1.5849411880915
1.58476557215875
1.56217826498911
1.55280315915335
1.5253455191333
1.50504601879081
1.51943631304435
1.50366981406152
1.48010259259673
1.46307487703601
1.43789442780394
1.41512403210936
1.39208830504783
1.37005352502857
1.35984487541583
1.33871307200021
1.32874312360387
1.34139518732699
1.3283035231534
1.33385513982099
1.31251033033265
1.29732830961843
1.31033712306831
1.29618098434797
1.27989707252984
1.26060233520901
1.27811768610638
1.2588643348497
1.24873001636981
1.23003141393339
1.21104466445407
1.19222253459339
1.17579250419126
1.16735663200963
1.17043098441687
1.16726821078931
1.17365096742051
1.16095529188545
1.16716454101013
1.15910809250726
1.14203907112765
1.13040529210206
1.12153243622433
1.13849467297572
1.12232393357496
1.11007318794345
1.09540750243706
1.09281840934199
1.08353081990216
1.07043679793466
1.05426211570461
1.04257539297739
1.02781433946554
1.01222838615387
0.997190622461295
0.982046079761708
0.966985599256419
0.95886791303325
0.947124066551303
0.937050481278173
0.957109575478241
0.944539563977763
0.934373974194843
0.930027937846552
0.945489134905399
0.933241297503162
0.929937960747517
0.917205798794557
0.914305543626982
1.10192450037422
1.08416226288688
1.06829672572412
1.06025304448948
1.05441960797388
1.0410604022358
1.02496866138169
1.01807042358873
1.00361377135763
0.993046534237706
0.983442345965309
0.976163516198617
0.980043526442376
0.965822337305598
0.977331572344681
0.971570986652538
0.95674351083994
0.947861660678573
0.978509082163922
0.963888497373863
0.962032961261035
0.974911602060779
0.962885928015854
0.956832475029465
0.942120137908909
0.927543107029345
0.91961479324344
0.91008452594515
0.896728986079362
0.896030315416713
0.882800546936364
0.931309011746368
0.937375564893177
0.931187025225231
0.924240441041474
0.910494839937103
0.909424736959976
0.895400424874554
0.899867174172366
0.91069274649067
0.907734815566307
0.904145400040052
0.889698117781917
0.911703130183328
0.991830542816202
1.13863522754466
1.13491168655023
1.15612664754086
1.13716854914124
1.11838537169408
1.10169823777349
1.08552528080509
1.06831687143026
1.05060564290263
1.03854782948002
1.0247989126631
1.00890234291903
0.992451545844896
1.0685016961029
1.16795112643092
1.16539438744493
1.152666216734
1.13541986281767
1.12398431298055
1.14076019577655
1.12077320469515
1.10803115495859
1.08923138357961
1.07726979711664
1.06326266854348
1.07449439931124
1.05699920117482
1.06305017570376
1.04584112978435
1.02918134110556
1.01334851574844
0.997527612959458
0.981466465627198
1.05612415300564
1.03967599306021
1.03157199371031
1.03042067731585
1.01400526925389
1.00303898558177
1.0177896989122
1.05066618419357
1.04933740052582
1.03118305305608
1.2258316812125
1.20969928961843
1.19011320473257
1.19155223373425
1.17338344659609
1.1750493899697
1.19791269777407
1.19407616617941
1.17991806460579
1.16023324593851
1.14867965992145
1.18283415049838
1.17429439452318
1.15349944344907
1.15053882450547
1.19461797343431
1.17404192422084
1.16555167639598
1.19724884127781
1.19947253686395
1.17847019030831
1.1715636408764
1.35032680079433
1.40387284223849
1.38057247874686
1.36784494686892
1.356022285843
1.34188074207388
1.33399609583794
1.31102783423471
1.28685472786603
1.26490106494275
1.24244441041663
1.91225388084636
1.87837376180263
1.92569274818535
1.8918595112112
1.85344182413495
1.81297687568764
1.85395029689837
1.83387211349109
1.83221376666753
1.79594652686891
1.81710509639155
1.78384611732939
1.80049227858384
1.83591778021828
1.93955139458454
1.91010172105752
1.87055227416362
1.87747221368718
1.96798004318637
1.92392229107198
1.89004336082287
1.96304373913613
1.9300661657984
1.90355271357045
1.8616497111105
1.91664053308532
1.95817751150013
1.93647793935796
1.92193536712844
1.88501062464354
1.84605498759433
1.90689669544839
1.88631555748752
1.8660589853091
1.86896121984955
1.90574503585415
1.86453709551933
1.88946270006237
1.86438727779236
1.82783148829614
1.79279500615496
1.75792182918171
1.74492467870346
1.75057736419263
1.724254637706
1.89488413238773
2.0553226258739
2.27461648839549
2.39793648854208
2.3853533755084
2.36473403447156
2.34369803473409
2.33294296729836
2.29140913482682
2.50705455030874
2.5363062970704
2.47710848973099
2.42084882017409
2.37506489681287
2.34938197911341
2.60282181753036
2.76113811625597
3.27966557219482
3.28575128657838
3.22374177914719
3.55689203090099
5.64057129317047
5.48225800751127
5.33763331313765
5.18706207209977
5.04674928258822
4.91219912372978
4.78104073538711
4.64446903174423
4.54145847985634
4.49126928933238
4.37031307039155
4.24980685302597
4.27074256050556
4.2055536512976
4.0860852982039
3.96708147961693
3.87079587699693
3.77771360374933
3.7633554121498
3.73193537314877
3.63172701245975
3.53832803200722
3.46429730497472
3.46557725645469
3.3730101598711
3.47059515369349
3.39085551575676
3.46443819578973
3.39272210391293
3.34407917932858
3.26330467644767
3.18657634040721
3.29761336467514
3.21847236119497
3.14063084818725
3.05629340876779
2.98714908520223
2.91372004197183
2.90428253436837
2.81637313273968
2.73831105268436
2.66009370920561
2.61299055619565
2.56326618715944
2.48948164643672
2.41563124203293
2.38355539188014
2.31730697176364
2.33585246989419
2.27158530554191
2.2064675106788
2.24787747118577
2.17614282349594
2.23065249277744
2.12487522093589
2.07356799621874
2.14149524596576
2.08720428098856
2.08442399978245
2.06645949558238
2.01514356484402
2.06607343432726
2.09412229409671
2.04362116362806
2.22861690945058
2.20357420075419
2.15889651323985
2.19633960247936
2.22486815097642
2.19135623702356
2.15059466790545
2.21978838849613
2.19333273689049
2.15844182318625
2.1432484036087
2.10586291598102
2.05904978726515
2.02960171422234
1.98088242069916
2.0145961472271
1.96535362674234
1.97841213257908
1.97241962235816
1.93291573373556
1.88658124900895
1.86892897729008
1.91424643025045
1.9475736767921
1.90040831737792
1.85593243603609
2.42532284813745
2.3602847360338
2.30770075665633
2.2672040271389
2.2051178025143
2.1797953366799
2.13062357901975
2.20749196870334
2.15800995952284
2.1095973343686
2.06339463265147
2.03192705250871
1.98840585521726
1.95683313280364
1.94015204689497
1.95283786457995
1.91131484516811
1.87022388143227
1.82821356738439
1.7981172515595
1.90850760103956
1.87776740131844
1.83971403547955
1.8050624878868
1.76693629266028
1.85066107836689
1.84867303975216
1.83493861890233
1.81058925522891
1.77817093032629
1.74026624286237
1.70325157679569
1.75737069103239
1.75076008834094
1.77950083701182
2.03036893039375
1.98392460775317
1.95118418629484
2.54469329795176
2.73888222502244
2.97852718597839
3.18313157953695
3.12566055503741
3.04762001651987
2.98809775364158
2.91398714913507
2.84218776525851
2.88248957310223
2.85205246149382
2.80272413020122
2.81873538311287
2.75148549805723
2.74564070659951
2.68448795143428
2.68238340010897
2.63688148271183
2.58665470702132
2.55347638607652
2.50452983544882
2.44529408890247
2.47819415412155
2.43478866313602
2.38677470532801
2.33225205080026
2.27655985377623
2.25953621189287
2.36545623199029
2.34718631105964
2.30860830886709
2.25813242350537
2.53851140508965
2.52775356052194
2.4732401842494
2.4163317334714
2.36317295043759
2.41270767645363
2.35504898908137
2.29922230187897
2.25496095329384
2.20684251778891
2.19878739871948
2.14707497358451
2.27152465564217
2.22106599477552
2.19623264577144
2.14694735874639
2.25192487475656
2.36637176725539
2.32508694471439
2.27018253406237
2.22392190472108
2.17524746891263
2.20097794331579
2.24383418851598
2.22920102576855
2.17888335639386
2.14446562546463
2.10135163491811
2.0558426770646
2.0068051271889
1.9593777744903
1.95309315902934
1.90726488448753
1.86146490178653
1.992646377678
1.96463152786615
1.98359510844437
2.20304143854176
2.30920908108647
2.26719088652829
2.46156532328427
2.43096799019669
2.40051297020617
2.35598136546031
2.76382152326163
2.72033200985277
2.67292475039945
2.69555033655141
2.63071225672485
2.56319581267809
2.50196954619433
2.4535248279268
2.47112278244616
2.43632331525013
2.37486442996317
2.32573739829549
2.39131974079314
2.54058018254835
2.50828666958082
2.44541480887925
2.43609841417239
2.37585358711927
2.48988658074876
2.45170841467973
2.40831455154909
2.48771913593404
2.49354484160393
2.47914063269241
2.42929583967279
2.61172708328283
2.54487450330955
2.55976211819558
2.73826042557305
2.77744221539178
3.55623068534674
3.75150177836068
3.71576552898018
3.8388164199152
3.73235839768025
3.66316882437286
3.58333415583027
3.53799554280583
3.71680820512777
3.61443591660818
3.55424914227682
3.4684349963777
3.78011798292343
3.67445431626402
3.57438939116397
3.98023814362966
3.86651539372614
3.88333947329597
3.97434147962231
3.86594290968237
3.95792733274823
3.89285292581509
3.85818150828353
3.82824257560636
3.72918829641946
3.65003067363798
3.58332020485937
3.5162915905052
3.42161342890005
3.33841322864417
3.34418522851913
3.4451387099296
3.37518290375041
3.3308808861429
3.25231872152933
3.16062531853992
3.10207191605121
3.04133915026008
3.10870876495634
3.05027197977557
2.97850182089432
2.89315405371341
2.82148704191801
2.90647855517997
2.82742251738199
2.74561590257984
2.69286601062228
2.67048460116491
2.59724975194283
2.56748851919925
2.73976667428365
2.83680145073844
2.7789122892379
2.99445081053568
2.92487961737007
3.16736946360904
3.09253817012484
3.19478659860188
3.11005131882465
3.03140026710742
2.97939267754615
2.89729001360247
2.85693814248079
3.01644739724097
2.98777364556236
2.90700127304729
2.84677228811509
2.85299477040744
2.87953592879105
2.82829406180474
2.78742734007224
2.74091170444323
2.69589859197102
2.62185013455592
2.55078561636729
2.48104291778441
2.59718138566545
2.65886357442611
2.76028974359432
2.68272226230577
2.61138925587811
2.60231860411343
2.5659585190168
2.50524077415686
2.43468423915862
2.37241470133816
2.31356810944381
2.25262758820259
2.21584768357461
2.15878344919633
2.10039454953153
2.03725541558191
1.97588443101976
1.91648349460441
1.86413240555843
1.84426565530246
1.80199337911957
1.84543988763025
1.8438592957852
1.81720118071505
1.86757129713933
1.81380482685833
1.7760597058129
1.77694095157478
1.99322623867206
2.12526765601683
2.17680702987258
2.12241732389625
2.07324825858983
2.02757739850809
2.26349610687886
2.2528932665147
2.27624625188485
2.39843905611636
2.46348777388751
2.42159682182363
2.35196676439253
2.55206134319011
2.50505280886986
2.65632200885446
2.57721775450854
2.50217529384422
2.53386445514497
2.86230433661339
2.80026947086248
2.72079612099697
2.66620405464326
2.58956869329426
2.53697081001512
2.54244668010966
2.48315898503041
2.50040145985116
2.42905709558394
2.43441352264706
2.41723539905513
2.3489935222561
2.30879826031176
2.24482053943287
2.23572331913214
2.27005267318856
2.21401443116719
2.19533608401634
2.14601418931248
2.10046584236702
2.30833297015701
2.27839428789638
2.30613166644977
2.25021949245811
2.22681354232494
2.23178511460106
2.17089258805241
2.18420667372668
2.13393345055755
2.07604917524323
2.02650421003471
1.98096509900345
1.93464303291507
1.89859842740711
2.14005132215928
2.14777706563923
2.13080197932379
2.0719893148288
2.01479769188972
1.97895684357931
2.10141362995718
2.22297114067003
2.16692816869121
2.13193638239738
2.20381227952049
2.20670383500086
2.15328610277504
2.10332845681277
2.05219027578827
2.0314247385949
2.01479651267227
2.12016433844286
2.15426075547466
2.19796898482038
2.45896997105936
2.40909827810355
2.3555251966455
2.31913948304888
2.25408311786724
2.22648673393138
2.17352462919112
2.12915025671544
2.11226782667363
2.08359992111802
2.05445272642015
2.00562548497088
1.96063343198082
1.91662417805469
1.87283875106426
1.84212639832118
1.84771920622499
1.80805931224589
1.7614278819381
1.73477006618101
1.7002234916581
1.6753905911
1.69169997438034
1.82712984434216
1.80214531297333
1.94681599083589
1.9010562346502
1.91349843401936
1.8672722052076
1.81695437678013
1.76876753457047
1.72364115030434
1.79137040793107
1.76906791689739
1.94219482696313
1.89486202679554
1.85305057709858
1.81141616704037
2.01741928300108
1.9630975543397
1.91700839789755
1.86699521025819
1.98264393708196
2.0240543568268
2.13785979973372
2.6089035212253
2.77557670898515
2.69103372052632
2.6090437165835
2.55043105806583
2.49173614646454
2.41774246543077
2.35083177919833
2.32832905423149
2.26044061500462
2.24710819508695
2.18262139054678
2.15809263586335
2.0969137358191
2.03739858517741
2.02947907111961
1.99019098574954
1.93448943304849
1.88035748995448
1.88903051136926
1.83505798280641
1.78473021590064
1.73525165248379
1.68636869534972
1.69383476966593
1.65956420880002
1.6133065776048
1.57309132518175
1.84313130209336
1.84622470960177
1.87469069509376
1.85049905395914
1.83711510956979
1.78720840994107
1.73940819878389
1.80385983902909
1.75841111801725
1.75075790999977
1.7289411276458
1.69423245901294
1.71523472553768
1.71304569932704
1.70067773215785
1.66757140245561
1.62445917091702
1.78486082981583
1.76552121304364
1.72603515983746
1.74280184924816
1.71010034671707
1.67408543491894
1.63127489217095
1.62047650332606
1.6871758827236
1.64804079459545
1.60984735218324
1.56828163299621
1.53053551301716
1.49146660674763
1.4559065281571
1.43384168451513
1.44714830477349
1.43142849035687
1.3970300608412
1.39759858493082
1.3631949476081
1.51245754982554
1.48593829488957
1.45698054322509
1.42844937423409
1.6556978288742
1.68135837855855
1.6997615463247
1.6574403872726
1.62291311256226
1.60761592896189
1.57258428245985
1.53413291032501
1.4992120094298
1.47338410317637
1.4414033302759
1.41170239513671
1.38238288036984
1.35186678445801
1.33639129563372
1.35753404787099
1.34550687065218
1.33233826191624
1.31102404525638
1.34030986741851
1.31910337863622
1.29569554620838
1.28357095246843
1.28007478448916
1.25195762942171
1.22365650614128
1.19731705873265
1.17053500964683
1.17364947848333
1.16170242291999
1.30716524749859
1.27836521228481
1.31464846812241
1.29733944592393
1.26838455590274
1.24758518771394
1.31395784749913
1.28530463393691
1.28537778826701
1.3017787198471
1.27364290670647
1.64256699637789
1.63936540353916
1.6210446593743
1.59422156541187
1.63127630954498
1.60509103028613
1.56475001793632
1.54397047385182
1.50897416420853
1.49229561902739
1.46599067793675
1.52310691152081
1.51137248301435
1.47584451173146
1.44018972410453
1.6548570976956
1.61954224302942
1.57839158107711
1.5549650328518
1.61538227911314
1.59205355924982
1.57799632517128
1.59908766724805
1.56175873597144
1.74971372016168
1.70496723079095
1.66636344941017
1.62641732650513
1.62086258146006
1.70555884382277
1.66186632125869
1.63073464171944
1.61219296363108
1.5984296069297
1.65268037096996
1.61350245555066
1.57278696160165
1.53969048395147
1.59111854316243
1.58205687966332
1.55649086714397
1.58120579719408
1.63796559198551
1.59706034911087
1.656343923657
1.61520205394944
1.67273087379042
1.63206560289207
1.62682624892204
1.58684256315962
1.57020903658109
1.56931785910322
1.55016437804184
1.52009924067735
1.59314762967428
1.55766570575188
1.58703730500419
1.54817205296838
1.67473915078321
1.67699980341669
1.63833418588287
1.67060013169625
1.63678799052467
1.60299424064977
1.57884643486815
1.56703522274296
1.53266819233553
1.50032921965094
1.47287478809027
1.47038953672323
1.47077477843388
1.43515085910428
1.46922026974696
1.43788551228864
1.458983739714
1.42705556994534
1.48607621463782
1.63537375604277
1.61442384226339
1.63834614190396
1.59710893936676
1.5574141565661
1.52810191160742
1.54300222753128
1.50909410224499
1.81177647969156
1.76677208013035
1.72009790161507
1.67473457308273
1.63663948323534
1.62809041768507
1.61050067614632
1.60703838797877
1.56693857291926
1.56484613517592
1.53041738799223
1.51423365414761
1.49964069426741
1.46572335949987
1.48786701245448
1.45636746799722
1.42120064937851
1.4641706400728
1.43501914240149
1.40093808809842
1.38078038864796
1.37829242734136
1.49250396155684
1.4761922187122
1.46749832436751
1.43990932450303
1.52811587425282
1.49662497042046
1.50372265380572
1.48994709334746
1.48121529695723
1.49265768810575
1.46875258161163
1.43368406689051
1.40232837809909
1.41831608003807
1.4233557090363
1.40905258087945
1.43147082805452
1.39705719540342
1.39046784537619
1.38870876805195
1.36134875197001
1.33590871370024
1.33734002129374
1.31146828796753
1.3331975638521
1.44535921331472
1.43051654862523
1.39496533932778
1.39027453535638
1.36178084248295
1.32563827793778
1.33864089037106
1.30360083064248
1.277282698394
1.33471844753368
1.31659890527444
1.28842136513134
1.26049502453579
1.23296047235392
1.22977744253805
1.2035144163235
1.17557639750218
1.21224942206578
1.25668105036882
1.32856746559819
1.43019238642107
1.41056737182426
1.54427690929156
1.55222561841992
1.55581918225899
1.53644389160115
1.51498354213738
1.5290862411569
1.49375506239464
1.4607040759238
1.44473016436483
1.42033845164487
1.38924869048332
1.35926450395424
1.34381608728601
1.31417155774664
1.46167565098443
1.42817032672859
1.40053852853989
