0.0537694655968988
0.0682820046053933
0.100080849036283
0.0406296755446117
0.0567569051895095
0.0683358819952409
0.0647192256925106
0.0557403404344261
0.0376606070749349
0.0597116115973669
0.0594285649606337
-0.0321378709648018
0.0565944913515627
0.119920282397956
0.0878096697345837
0.0966954617640331
0.0351372856158425
0.0600894083645951
0.0732510212527975
0.0943600469073793
0.0812817664624798
0.0907903605856232
0.0774561509092608
0.106102533774775
0.0345145097410358
0.0566285577191888
0.0490842014652666
0.0601252827917272
0.0440933506765816
0.0277741775728721
0.0640839928998034
0.0644394851516355
0.0807303104034121
0.114657085236962
0.0212510086856054
0.0465570874357212
0.0433492357681567
0.0612953754229325
0.0739120258607909
0.0523660863019935
0.0845728335439237
0.0747636839191652
0.0767129594191163
0.0611507577632021
0.0477252889474281
0.0484633642453967
0.0581218400476194
0.079241477413967
0.0989268722677494
0.0729861774179958
0.0663850932998697
0.064488907471447
0.0359245172976937
0.0887194414200923
0.081458251329097
0.0964124858675825
0.0388945523137715
0.0452157946996426
0.0704962163333687
0.0530189898909729
0.0502309784112862
0.0684773176607532
0.0785323715444916
0.0400951478573649
0.0346340532268175
0.0540831069670087
0.0742655618834124
0.0589129496057931
0.0593325150990079
0.129278014332255
0.0814676789973329
0.0540496382346363
0.0587284203865217
0.0643400785193103
0.0386638602192823
0.0669793427148925
0.0652609125167345
0.0440042367403429
0.0315211336606715
0.0639033578200957
0.0401429718077544
0.0717948284284024
0.0615808218029543
0.0547080010787299
0.0697465248682119
0.0448643241033546
0.0679210183104949
0.0549222386709645
0.0530256758302668
0.0510954293136731
0.0745905424395983
0.0805540027067319
0.0653821424737087
0.0791139806526404
0.0732100642269593
0.0799456232795473
0.0620269855978254
0.0704433633461442
0.0444522648064022
0.0362466298281094
0.0803696242532705
0.0764398532948741
0.0888869293290827
0.0882995086940979
0.0671662200953663
0.0437536823462804
0.0500363150941919
0.051651220707378
0.0654660945609801
0.0537507744825346
0.0619737516752711
0.0731300110635663
0.0632117873923801
0.0680931634772946
0.070461222926153
0.0538298228216013
0.0746919536095515
0.0233099678746062
0.0458308501849476
0.0811219337376692
0.0916353901262209
0.0682338363255914
0.0647837209473638
0.074566257747472
0.0679267976816052
0.057769574637504
0.092571249799904
0.0943485232123935
0.0656837557360161
0.046374045149792
0.0702539909312274
0.092972245437843
0.0981894273571897
0.0443178618127767
0.0845390654289394
0.0653180583652393
0.0906389932953752
0.0623607689765395
0.0585201970230245
0.0498856575831821
0.0733866717824745
0.0758756335919012
0.0740216566329646
0.0457587588240053
0.0603526688201889
0.0681764668736269
0.0601906482725802
0.0529880530182493
0.0733627810157074
0.0371955649544115
0.086341783120915
0.0678891029471766
0.0740357135495312
0.0519731308556492
0.0932176841852984
0.0370302003640173
0.0797734422021307
0.0722633474466129
0.10792579806666
0.0753485901779835
0.0556525448651357
0.0294884477080548
0.0629267389794944
0.0543320454635968
0.0707077584831002
0.113423700845028
0.0660948781767833
0.0669736953182439
0.0574292740425205
0.0784914316599499
0.0402097440927135
0.0484372377094229
0.0830570135039759
0.032838247683566
0.0412799220997545
0.0565313204015
0.0713509711387781
0.070741320001577
0.0318783163309855
0.0322188611491301
0.0440692629039227
0.0684433248274317
0.056866067004563
0.062509504804333
0.0622408452154604
0.0621012025174092
0.0624096570971959
0.0552985301933874
0.068309068147877
0.0703367505027524
0.0607487251122421
0.0879260386134234
0.0628840741423039
0.0625556757652104
0.084798611870526
0.0651820587163532
0.055782897150025
0.0776257537271229
0.0382786401134471
0.0540667194293839
0.0416930193716572
0.074990335082673
0.0566368719104617
0.0652819927244447
0.0584981052141413
0.0533274061455387
0.0904656389344379
0.06655661067942
0.0667891515254183
0.110004981500552
0.085234401638299
0.0625870083218546
0.0523073554378617
0.0668051053437854
0.0749925007251189
0.0525797787457414
0.0654918147113457
0.0610894269034383
0.0425675708975618
0.0617877080795345
0.0463023753877981
0.0654223663728981
0.0694778587236355
0.0520971634045735
0.0457299805085562
0.039193882572427
0.0844686393218146
0.0497139007171945
0.0381271354001713
0.0528023798058902
0.0406854349732282
0.250640863274893
0.0806013855462618
0.0537093642618294
0.0648182370987582
0.026476852366084
0.0995129891602477
0.0429588093136635
0.0754259733831406
0.0512076246721612
0.0307353100176623
0.0644485578053536
0.0484010603722786
0.0357693803662612
0.0462385173036517
0.12122842932214
0.0751265983339685
0.0547543359078234
0.0501220351040285
0.0948489237042084
0.0634715541219499
0.0714966285316509
0.0925489821691988
0.0987906251307911
0.0705366086214473
0.043537877064925
0.095670818010388
0.0657826487901281
0.0867710672106335
0.0661027774187147
0.0453716618523725
0.100898167078635
0.0427848960406028
0.0715871701291342
0.0463853924689285
0.0617201537471686
0.0669271581907435
0.0556816932744523
0.0630949248142353
0.0434665457254025
0.0572651471595808
0.0810545754991447
0.0912926655540044
0.0764341278963507
0.0367199598696399
0.0619532451893981
0.0740384624647556
0.0337012340321764
0.0501934820974207
0.0726125158442295
0.0666100386520962
0.0331761569056606
0.0595459373464195
0.048606314041134
0.0651344485052976
0.0641857577120314
0.0619621623594057
0.0704347170280132
0.0783143531167559
0.0411150712741864
0.0813984215353575
0.0853157983598935
0.0501316602100135
0.0852634660722758
0.0747803403419277
0.0551324573844888
0.0719827435415672
0.0734854818264505
0.0340740666559037
0.066061547280526
0.070145258749994
0.0534454880314945
0.045152869925758
0.0495541239166623
0.0681625666063162
0.0585868854572527
0.067579760171495
0.0543522095136106
0.0563913598625469
0.0604493572424755
0.0556548306515279
0.0582164883908846
0.0668003057961213
0.062382431303079
0.0634662442216736
0.0757649665025111
0.0585268447799177
0.0604484010986729
0.0632545998187164
0.0340998585922368
0.0593621317237439
0.0414265738221635
0.0580019484186925
0.041216446417539
0.00710619573665246
0.0586689179802885
0.0507064753495826
0.0454636680917978
0.0454546490298815
0.0519336420324437
0.0596502617896408
0.0696699082039497
0.0537526976279859
0.0678800384613911
0.0702860226478328
0.069008247264657
0.0745200835100604
0.0526973013644676
0.0765395945145074
0.0664988443164081
0.0552417930152809
0.063056489133797
0.0784562612098348
0.0541223305397836
0.0392051017074328
0.0720698125352435
0.0442279243634194
0.0630807887943781
0.0504021876001115
0.050709352549704
0.0603613696437128
0.0425491296696729
0.0535402552554268
0.0372608253422056
0.0534198774364281
0.0228666896229903
0.0681655535972619
0.0399936629379519
0.0616520176416867
0.0534227299946783
0.0630391905945581
0.0472143880097495
0.0652167455514606
0.0314494249765255
0.0389355805731679
0.0630535681275662
0.049809160755668
0.0704264414754131
0.0181648902535019
0.105625913245957
0.0316729418939662
0.0797805500588028
0.0426217574889864
0.0444533687960552
0.0425249195225929
0.0579319759303328
0.0445705482390748
0.0452972920733348
0.0377891297448233
0.0591416857516673
0.043860408086209
0.0504142973753671
0.096200389168356
-0.00567822202960801
0.0743054752989376
0.0630788803423777
0.0570879464183248
0.0630292408829609
0.0784276052077957
0.0444317787968035
0.0592787248780159
0.0465568974153961
0.0319190753118723
0.0552159436156875
0.0726151857063613
0.0416068324384755
0.0698063961561992
0.0468867136208651
0.0382817317711935
0.0368482421056896
0.0390584957032766
0.0394844585483272
0.0905087524576431
0.0341118137844031
0.0565773531394297
0.0612430654783418
0.03692228202739
0.0531554022227392
0.0679868975091624
0.0736057162598369
0.0175378350286807
0.0412128393657733
0.111854819040261
0.0490437152757965
0.026823916971836
0.0146675689721313
0.0473764227981616
0.0148787371296909
0.0713617727717147
0.0149897020916249
0.051579218299604
0.0419606237077806
0.0200048585923906
-0.000798202417652383
0.0560356199371716
0.034288782241083
0.0576965617614405
0.0760861394954212
0.0369751502849715
0.0158544588539324
-0.00115632133108225
0.0612529813089276
0.0346853602919838
0.0529364373199798
0.106332476153936
-0.0176723980675488
0.0445912601191741
0.0538608553366329
0.0528442364159086
0.0102580444376782
0.00797962845596823
0.0400252008095217
0.032031809418267
0.0302889526378262
0.0312419127489909
0.180089195789195
0.0460289485975354
0.080908799454275
0.0471906345571769
0.0422683334430238
0.0363234054324624
0.0759306733902495
-0.000957600451396198
0.0631461788315157
0.0119784634653167
0.071667691432175
0.0398304812014179
0.0674949468073193
-0.0242117794318966
0.101620162140833
-0.000464410525733074
0.0380389370334023
-0.0178484885170866
0.103136832728419
0.0256156923192498
0.0434733432209739
0.0941023592957206
0.000692590162621833
0.051440604360129
0.0243460039297336
0.0893730538449999
0.0829297195017634
0.0531384181294722
0.0571922951185767
0.0103045189702808
0.0344769002312576
0.0864406509798598
0.0506521288415765
-0.00613450388623538
0.0648879549650687
-0.0346417083732429
0.0239491409302382
0.0782443265741343
-0.00423337388798181
0.0363330818008202
0.0113985081609455
0.0337676834930598
-0.00829862816497719
0.0693089056775686
0.0435806019076541
-0.0771071221989725
-0.0688976867122207
-0.0788338385012061
0.126657258384947
-0.0256032698028958
-0.0155215238762471
-0.0151880109126271
0.0751701348293427
0.048459076575823
-0.0973741315690928
-0.0398179603251342
0.0260409318501559
0.0192008646883557
0.0468189665574523
-0.0123922856095836
-0.0992251303008993
-0.0731794089972191
0.232171913468094
-0.0612077813690339
-0.0115311097720021
-0.150333684436752
0.535323815503806
-0.0472881479096914
0.079417291843358
0.0601092471255502
0.0371329513077731
0.0681422568568738
0.0646859917684807
0.0144875200503085
0.0888026656519648
0.131879689129273
0.049585387405182
0.0338250047411756
-0.102467312821798
0.105329082555811
0.00589545880297154
0.0336063825781584
0.0685945534640661
-0.00916179542923265
-0.06888331452659
0.126458328317198
0.0208014429872255
0.0492705494465445
-0.0218253189484313
0.137063873804666
0.0266205729839393
-0.112496695160412
-0.00543435193607792
0.170517030428409
-0.0235933195462847
-0.0399110932692955
-0.00213584398784506
-0.0044605347791653
-0.111431529818499
-0.00321946354841224
0.0665500835720925
0.0353190232931229
0.0641292697172857
-0.00201601055483781
-0.0571982562272842
0.0201195811801168
0.0371891803364201
0.0345155415654618
-0.0203311112055462
-0.0142961783308278
0.0188281010851026
0.0325106259467475
-0.0243672019580746
0.0262382105409097
0.106566913515505
0.0390083879019207
0.0398211372823908
-0.0535851639263619
0.0184220177727807
0.0199129765758186
0.0221766380635219
0.0419001175974849
0.0878626551028854
0.000516843859656686
-0.0270747542993392
0.0590974354117822
0.0196970453622625
0.082652879733852
0.0730649934012161
0.00238327320410448
-0.0865199223204351
0.0585935938881346
-0.002792662737115
0.0944019298590753
0.0868760231186759
-0.0106459884744116
0.0437167175152693
-0.0582354334710041
-0.0142404896035251
0.0535344625724872
0.0639600538660792
0.0489330830378363
0.00441979881875199
-0.00915254441224722
0.0174266633491967
0.0896701705680679
0.0207511372296342
-0.0311852307675351
0.0709003869417587
0.0426022089114206
0.0227575118122343
0.0583779590216926
-0.0459988689444746
0.089535212736843
0.0216555723211535
0.0216913293103827
0.215549595540728
0.017318962847662
0.0145508837705497
-0.0107532529681421
0.0164715329888525
0.0508609095443736
0.0103599794953578
0.114775117271461
0.0275126166028321
0.0252193342339106
0.0311368604547052
-0.0100808050494045
0.0328054049737205
0.049357920695703
0.0605734526641468
0.0786000483129615
0.00439166216634372
0.029876273505216
0.0196454854188147
0.0437698061395337
0.109637100778609
-0.0106680803755001
0.0342598690831457
-0.000810479640451382
0.0296229043052297
-0.0633192450569496
0.0694516183812094
-0.022292645507104
0.050945791455326
0.0375570747311566
0.0239275362375625
0.0121344675374591
0.0903347376875731
0.0570646259331051
0.0760402762044902
0.139276507187725
0.0105563507316863
0.042306564589627
-0.20188673305557
-0.11202247646783
-0.121674119705313
0.167943716196174
-0.0297195936624552
0.00435132048050581
0.0549353944385731
0.0192819807128683
0.0214695211583818
0.100520341701537
-0.0366996640633303
0.0562543439596394
0.0902618522466828
0.0230306973636349
-0.0473359551295633
0.0360302097232444
0.0791757724238389
-0.0198144844721412
-0.0114258542658547
0.0588365219409398
-0.0119530602936838
0.0189113820027242
0.0888679595604883
-0.0158061662994782
-0.0066863624843669
0.00588921922031848
0.0172251117322413
-0.0253469476128077
-0.0749834880976761
0.0670649827729347
-0.0145865641183584
0.0355256983666799
0.154642390193102
0.0663869277629204
-0.00216502409109023
0.0111200884755783
0.00102491260336022
0.085785963206495
0.016223314298696
0.013242086408442
-0.00632149058450792
0.0312767779829201
0.0576379065069308
0.018343821174868
-0.069756242658209
0.0300299414079004
-0.0180665552358675
0.0069809280386014
-0.065201462429209
0.108798451437036
0.0408407281558978
0.0130029331651567
0.0348067267363368
0.00336444204198799
0.0759385249366187
0.0788203379535008
0.0545646346974043
0.0112379266283152
0.042614345998871
-0.00190401812957976
0.0302864086090284
0.0177498210902573
0.0121139481643045
-0.0216287772032733
0.0130113785324361
0.017696808524059
0.0946445078753002
0.0412884257770836
-0.0333929721301469
0.126956563600081
-0.0795994293691311
0.0469408812702133
0.132168691805341
0.0533203446890508
0.0532211678449013
0.0409744215161074
0.166894711594968
0.0488400903293111
-0.0262546781614584
0.0838103870114134
0.0260985514406911
0.00780840132472614
0.0255068590418355
0.0380462890588228
-0.0588463473268321
0.0499829598575087
0.0100897603465916
0.0332158960345504
-0.0758672163288185
0.126999998824169
-0.0411796531647195
0.0113370953543508
-0.04937452299088
0.0143189223533067
0.116283686633984
0.0470330179728077
0.0437844624880206
0.102440071472726
0.0725308548762116
0.0624176797413748
-0.0190693880853461
0.131333545732411
0.00916104546241584
0.076330151839882
0.124694943027845
-0.0812282028745289
-0.225425810783134
0.159363637734195
-0.0762952031321936
-0.132052538050061
-0.00562739042675158
-0.04597004645666
0.0485306597685744
0.0653900921634927
-0.145209184209221
0.00384838031671427
0.0582859830350955
0.0382446815106954
0.176206469694
0.00894854664938749
-0.00164166892655493
-0.196504639775927
0.0084770807011998
0.102797628051896
-0.128572762461987
0.0270553513561436
0.122174842730049
-0.0570779009270308
0.0807634618749822
-0.075264531800582
-0.0159682087310246
0.047815181684099
-0.0469857522886701
-0.043967215570672
-0.00832793692970949
-0.02264015905496
-0.0780198098808495
-0.111141601935826
0.0523981355087477
-0.0553644820552095
0.0408316861276972
0.00483955736934994
0.0496087032043767
0.0449577089004502
-0.0964723284991925
-0.0351562922369524
0.0363103615821357
0.010153088031936
-0.0204202649111335
0.100303911822383
0.0180106371578865
0.00599879609569588
0.0421586490716789
0.057917996614369
-0.00113773393733698
-0.0424797515755387
0.112959226069608
0.0920061548622698
0.0338279665949078
-0.132529061618627
0.0352933551486141
-0.148278263800404
-0.021945974777065
-0.110973280775723
0.0274000442899315
0.0294733382435886
0.0497574639719526
0.000690008037359414
-0.0449706023044236
-0.119719280110537
0.0701476242622812
-0.0079139504764079
0.044787627986278
-0.0727908732995508
-0.0777195249641417
-0.0358341555984368
0.0565036212163649
0.0491474104176063
0.0489651325564699
0.0182813857440316
0.00861582075174904
-0.00637552186336608
0.106826328436803
-0.0944185702323449
-0.102129143729329
0.0134318396527214
-0.00777908404706914
-0.0578373319606423
-0.0363009453472377
-0.0162184459994058
0.017351974950317
-0.00784936816683025
0.0318483995143646
-0.00739887916719392
-0.0278467426835599
0.0295453036493418
0.0221405101944052
0.0104839029728719
0.004068785019953
0.00763245327913845
-0.00510800190180902
0.0419287810760619
-0.0125585761295492
-0.0466860021863231
-0.0292737747806337
0.0399380409080718
0.0623323077105987
0.0131531504333884
0.0298705909314575
0.0477356643421557
0.092807718479461
-0.08236723952179
-0.0579673904394442
0.0277737821611094
0.0291041743251724
-0.0139484762595901
0.114592340433356
0.0514235357104053
-0.0592995910374514
-0.0857748706951345
0.0863628965921133
-0.0335568713691367
0.0102091581831151
0.116280475993268
-0.0318936924204302
0.108818042137716
0.00622451840156012
0.00215081408935672
-0.0683478771211105
0.150485041403766
-0.0375334483382654
0.0243700441563917
0.0436728361782545
-0.00431049658491222
-0.0318162528154968
0.0711898215709246
0.0328159652208596
0.0713510149833156
0.000191922464821278
0.066168311242012
0.0539402542097859
-0.00538656181383631
0.0414240746776128
0.00324066401190163
-0.0496076755173694
-0.0618680898375909
0.0219373976637299
-0.0402069869430286
0.0297533730691452
0.0293198976577082
-0.109643788383959
-0.031169292545232
-0.0532130166097738
-0.00789427112474837
-0.0308063167556766
-0.040936234115579
0.0185057490306605
0.0548731195131941
-0.0115496285214462
0.0169544218843414
-0.0085614147059972
0.0266565480901786
0.0248614730214294
0.030426928895818
0.094039796643767
0.0473351370164805
-0.0312348914057182
0.00759796640562176
0.00933554939492385
-0.0164722091383926
-0.0644988561865565
0.0816358844602508
-0.00648925394360546
0.0384783431722588
0.0736423610076297
-0.0493661222680351
0.025772839166697
0.02451247945457
-0.0100551593075891
-0.0308154623589257
-0.0313683533604702
0.0830038914923154
-0.0611342355804181
0.0737612967202335
-0.131602651413091
-0.0234276118427646
-0.0204164227611201
-0.0309248294022625
0.00673225320446438
-0.0356242384084588
-0.012562200972799
0.0338871523057523
-0.0394745991201637
0.043523537430045
0.0397525841815479
-0.0126690045369025
0.0266876014885573
0.0244211293571501
-0.0120587296595321
-0.0221244105777979
0.0500283867371648
-0.0152411294549817
-0.00161397479481837
0.0325173590653482
0.0250069563427548
-0.0232155648246305
0.0496579648400006
0.0773200269703642
-0.0292875719373313
0.0846268021129842
0.0174864877492505
0.0500111753253996
-0.0137923098109697
0.0043814875222922
0.00513887791160143
0.0126461222346142
0.0666556175399991
0.0313043002484331
-0.0987591950204469
0.0201784026433212
-0.0162858477364808
-0.0137029090918595
-0.103802978315246
0.00326931924519787
0.0187237115092309
0.00682779364678259
0.0716335147768623
-0.0559889997516482
0.0793971404764516
-0.158059557118862
-0.0928349184175785
-0.00614703053156079
0.00749053333191935
0.0309152866999475
0.0312106125450629
-0.00535834853557457
-0.0109307045055264
-0.0409775957598412
0.000789196016841796
0.0457521115311824
0.00596670969050618
-0.036089571774086
0.00837891630818959
0.00401198971859061
0.0420467758304914
-0.0252767882177171
0.000250334038848811
0.00310064844815467
-0.0470535703616759
0.0024790444877243
-0.00344399009017363
0.00213410203546785
0.00298449524760058
0.039328744290262
-0.0206475517547138
0.000185106560318333
-0.009892546753956
0.0935636318726613
0.0394233528890484
-0.0581265160130994
-0.0302260521739499
0.0383196371433047
0.0032806438083413
0.00683618127676449
0.0599533148423528
-0.0102781205381632
-0.0362201013224092
0.031083303343017
-0.018227274641556
0.0456015648592327
-0.0393244575989695
0.0352518973548501
0.0204774363354269
-0.00600190451494165
-0.0864036679466621
0.0325226852724713
-0.0171232001362114
0.0444776877085747
0.0202597091637883
-0.0187949234996473
-0.00623795978729128
-0.0328671491601134
0.0609593320501526
-0.0146116329631741
0.0171890132043472
0.00688883942932988
-0.00761679873816076
0.00483497591316207
-0.00576482582244687
0.024451944671532
-0.0372930178991221
0.0320786073088169
0.00556221133472539
0.0360542746363639
-0.00318284087457055
0.0799335157783756
-0.0253337840660418
-0.0181599301691253
-0.0148312249941756
0.105650882097063
0.0497564718657772
0.0500550391261607
0.00757226818295099
0.0166551360322584
-0.0353004490674412
0.0167548299513563
-0.00466184206203054
-0.00748605180182529
0.0202692923746839
0.0120049103895393
0.0121784559672829
-0.0112703996202943
-0.00713789261343126
-0.0221538411727319
-0.04021908763947
-0.0229003583258233
-0.0215209106484623
0.0178327265155287
-0.0420827822440453
-0.0136770486344642
-0.0112672776513593
-0.0200959215907762
-0.0241029864711378
-0.000650636750128391
0.00236573966910458
0.00913237941552323
0.00562507199766068
0.0295950452174512
0.0212105426066287
0.0640966818869581
0.00691994728138525
0.0419340447671857
0.0187499367207401
-0.00139063683294254
0.0145027876663239
0.0459833342785591
0.00541699551653889
0.0247143626670967
0.0283509204071589
-0.00937825183813557
0.0954188072501289
-0.0430495464516771
-0.0356390847296823
0.0200621631577522
-0.0604106766397814
-0.0263549869663485
-0.00793196675810375
-0.0277511891289019
-0.0126402781946488
-0.0279027906731859
-0.0190342582196843
-0.0561282205197141
-0.0283185597136559
-0.00673619375086454
0.000790019677602787
0.0776770396999205
-0.020147640855632
-0.00193505111895594
0.0181517502691161
0.0479271084178375
0.0170174582352735
0.0217558711078566
0.0349442421245968
-0.0146905966084005
0.07486406416687
-0.0152918603083855
-0.0196466201919654
0.00423336505429014
-0.0434504170124997
0.058615122917705
-0.0148658032955776
-0.0285124174672357
0.0222495892764607
0.0238168024185123
0.0514291211549429
-0.01919350818668
-0.00597294408237221
-0.0219785389458743
-0.0674911235806705
-0.0389658998259164
-0.0266589683804286
-0.0531301095287253
-0.0641572596001376
-0.00272626709615071
0.0532520734326007
-0.00954914855720764
0.0531704201050973
-0.0133912563731482
-0.041677403193415
0.00105386515891384
-0.0312619796536543
-0.0383653716976309
0.0224767003090814
-0.0188744533425591
-0.0635618999254154
0.0110692084985613
0.041852069504033
-0.00438377636185499
-0.0789859111673287
-0.0379548365439352
-0.0100677499254902
-0.048923828078441
-0.0145139298414478
0.0162154567381393
-0.0215237133849877
0.0285056516504493
-0.0114811615950674
0.0132861219217039
0.015276465001034
-0.0326733457644452
0.0311050972126538
-0.00450554848654375
0.0406617152693169
0.00711330545632091
0.0343021875821041
-0.0144044534667252
-0.0582559390690134
0.0729731781142577
-0.0327813370007089
-0.0497110437731702
0.00281396282539268
-0.00452130774440972
-0.0203753761538627
-0.0435294888771226
-0.012593836176693
-0.109340475826323
0.0134270551347445
-2.74839621191042e-05
-0.00157361893041013
-0.0151190934948589
-0.0330113421383852
0.0251386471936422
0.0291140992246642
0.00284034471142468
-0.0353145208508562
-0.0115988625251407
-0.0263578760241353
0.0238952416678176
0.00748309131703767
-0.0442302887242345
-0.00999760602849368
-0.000240868640151496
-0.0465619555965967
0.0146908723302584
0.00105759281539723
0.0192537964788349
0.0264430758259417
0.0555201852257796
0.0200827185167913
-0.0276016881019476
-0.0138199474390573
0.0527387511808229
0.0104998186538348
-0.0373135172659661
-0.025700271719332
0.0247872329661222
-0.0391954017462732
-0.0193128725906211
0.00381783573117614
0.00811921183352905
0.0306155906363667
-0.036185843604318
0.0200956920323156
-0.0449784973344013
0.00308710951783628
-0.0313854074085117
-0.0313320245653503
-0.0133670639232299
-0.0065377589780454
0.0274898838268502
0.0108280294573235
-0.0386144219262371
-0.0609695684111621
0.0248683659039227
0.00172710229603594
-0.0268262160057169
0.0164336221592051
0.00300471551465755
0.0307490900635585
-0.00560098561924948
0.00517664811517948
-0.0564352472262632
0.0165366220792403
-0.00555345353053409
0.00378432079177808
-0.000288555618740777
-0.0252631360727687
0.00814556011378336
-0.00343203324755268
0.0385218041493809
0.0357495443459197
-0.0629662748303204
0.0597768934303159
-0.0280235289591927
0.0685978915812331
-0.0479561253654629
-0.0424685168576674
-0.0288974842095792
0.0185909807107233
0.033949001430624
-0.00952136436025942
0.00552569552980793
-0.0298647214341017
-0.0202862898955975
-0.00577752911116421
-0.00819065783053033
-0.0246877049316225
-0.000474864512672812
-0.0846666561434769
-0.000661312947341273
-0.0122994623437466
