0.0567110208712684
0.0715369779165613
0.104601352786992
0.0432631798255257
0.0597425508008148
0.0713898859548812
0.0675031773651305
0.0584022700636861
0.0397854224803155
0.0623295808867878
0.061941357643001
-0.0312447567053851
0.0601489199110028
0.125482268114552
0.0927706072442731
0.101965596982746
0.0382988441442595
0.0640747259166826
0.077648744463128
0.0995905825550923
0.0860953313772081
0.0959401772698066
0.0821050803785532
0.112010913069253
0.0377658969703698
0.0606228466485875
0.052684801716146
0.0641077203391313
0.0474420530081588
0.0305176924497403
0.0681035731906783
0.0683955264157042
0.0852403733782746
0.120507250477935
0.0237879665518651
0.0498716250048293
0.0464662345545701
0.0649159882976695
0.0778884174765857
0.0556226008358141
0.0888069723775999
0.0786606206111714
0.0805771019343492
0.0644075130916473
0.0505726249875503
0.0513934327195158
0.0612661810447032
0.0831120522814464
0.103438559637526
0.0766772619180489
0.069855024555736
0.0678793371705988
0.0380746241953212
0.0923906711436023
0.0850085060174925
0.0997100023825631
0.0409013058276456
0.0476854941838492
0.0737595276172053
0.0564849666700604
0.0535430012207705
0.0726779886935016
0.0823890071237298
0.043145257951186
0.037291835700528
0.0573123677002119
0.0781570563957623
0.0624125020716509
0.0629084483328377
0.134835352619591
0.0857662449596129
0.0571877095485589
0.0619040762926221
0.0675659637529479
0.0412899536166634
0.0701012518161955
0.0682961929781021
0.0465581726511847
0.0337919829251474
0.0668285669135988
0.0425653139260637
0.0748566820597065
0.0644047391388221
0.0573299075950644
0.0726956771147138
0.0472794407086447
0.0707763308759438
0.057539020090489
0.0555144466189604
0.0535012977573652
0.077608717657706
0.0837413853127741
0.0681818123736817
0.0822580070033797
0.0762287246456976
0.0831640173765371
0.0647997074555954
0.0734177589665118
0.0467707267235498
0.0382907997145297
0.0833799245981766
0.0794136427139236
0.0921962779869742
0.0917106671290274
0.0700550704832189
0.0460360960239091
0.0524153905964655
0.0540309988734905
0.0681719955849458
0.056130203735154
0.0645419555724757
0.0760118716103834
0.0659358625170059
0.0708458053772159
0.0733092456949987
0.0562772405169122
0.0777205389968775
0.0249489987841183
0.0478906245867604
0.0841856746797992
0.0952403572750581
0.071206597163053
0.0679052556497221
0.0780213732813309
0.0711747195456664
0.0606465388981834
0.0965364046497223
0.0989322203694182
0.0691497407021306
0.049072630680482
0.0737801815516109
0.0973698081035449
0.103000214849999
0.0470401585170153
0.0887643090347036
0.0687227798274214
0.0950149114412919
0.0656489190742702
0.0615485554896468
0.052581116191665
0.0768092564795843
0.0793325622108329
0.0773507032598206
0.0481363955008677
0.0631794457798993
0.0711804808032503
0.0629054708781825
0.0555648257551391
0.0765538270834386
0.0392835012296536
0.0897202471356584
0.0707207762715656
0.0770099197627892
0.0546327946373471
0.0969856213835784
0.0392547980559415
0.0830611044506375
0.0752920018867028
0.112032288761145
0.0785931772146978
0.058185474558757
0.0315178681008103
0.0656533464822937
0.0567527997613349
0.0728773837823637
0.117121282433593
0.0687806691999385
0.0695502116320482
0.0597258236013332
0.0812396606850647
0.0421264276627749
0.0507884012122313
0.0860811667907533
0.0346946453187437
0.0433602724543852
0.0588125427081327
0.0738174410570488
0.0731389758927402
0.0337347757547866
0.0342958070412837
0.0462743714680354
0.0710539090639271
0.0591675638407325
0.0648406232278213
0.0657679568944222
0.0651979175721299
0.0637193837077792
0.0556466949812892
0.0687767621729426
0.0705711852454225
0.0610495155066182
0.0903205120285339
0.0653208214743352
0.0649718694316209
0.0875013389435544
0.0675357025076239
0.058511343425698
0.0800385973605897
0.0401052636040324
0.0560581256169728
0.0435582310078003
0.0770613572586821
0.0585701350015891
0.067642496874056
0.0605410673488791
0.0552090638999583
0.0928824747783553
0.0685502415264834
0.0687127451065331
0.112884850538365
0.0878030278185232
0.0646366638858475
0.0542910045490026
0.0688907888565515
0.0771088279718952
0.0542739204374331
0.0672161685826065
0.062295756872088
0.0435318131251743
0.062827040389136
0.0471543004922805
0.0663713051161779
0.0704768227347305
0.053974800393306
0.0479226619990893
0.0407857563001722
0.0867845478445979
0.0504863522892624
0.0385274730510563
0.0532961523083506
0.0411091343414255
0.249282660696301
0.0796613967244576
0.0526732187997535
0.0635146341803918
0.025210006255649
0.097963465252035
0.0415140310093296
0.0734180557252595
0.0493525697867193
0.0293231161626484
0.0624007793967939
0.0462192872293737
0.033038561742751
0.0433690614842266
0.117599884755984
0.0718692524942979
0.0516886305371934
0.0470679812172027
0.0915582806452605
0.0603948731793017
0.0683071274935288
0.0893391972894203
0.095224307120475
0.0671989449686766
0.0404246519095377
0.0921436360689114
0.0628891174093909
0.083550068584148
0.0628019792443414
0.0419848047348006
0.0970573790329984
0.0397719194860861
0.067977185420582
0.0432780016297883
0.0582165396711526
0.0632358778546797
0.051875764664332
0.0591779250678469
0.0396620290331447
0.0530780876223956
0.076526281258247
0.0867419857504046
0.0719555775356058
0.0328002093916254
0.0576129096683052
0.0695022945384969
0.0297882389561588
0.0460263193785239
0.0681079046431056
0.0621271709955143
0.0291340447538151
0.0549559042086364
0.0442393475042469
0.0605702575515886
0.0595275375062996
0.0573405957750322
0.0655968715017749
0.0733094024533039
0.0368353680263329
0.0765275561344206
0.0803240937924563
0.045800237878703
0.0802823632715586
0.0699962407174548
0.0506801894558437
0.0670756343264124
0.0684508372409991
0.0299298217174381
0.0612421639946654
0.0650647565667454
0.0486489040458052
0.0405551513851562
0.0448591822704087
0.0630250223334795
0.0536604670596806
0.0624652467949016
0.0495349965222129
0.0515602599118177
0.0555051964418932
0.0508567055599595
0.0533439607005451
0.0617696265734361
0.0574612541934895
0.0584781198682261
0.0705497350224449
0.053680852116716
0.0555287723251973
0.0582463636618702
0.029738394633708
0.0543021960632438
0.0368824231990251
0.0530693389192563
0.036681720655048
0.00337584306681321
0.0539060489102655
0.046390518579548
0.0412549503181576
0.0411655564987747
0.0475321396956748
0.0551674580267257
0.0648801627885862
0.0493685714485132
0.0629330636005404
0.0657771471914909
0.0642838424102863
0.0697223506882288
0.04815507220667
0.0717173938795034
0.0617927067975976
0.0506678874177661
0.0584094385348128
0.0736267399708479
0.0495774375808289
0.0348251673728586
0.0673240028927016
0.0397920808117065
0.0584672182892377
0.0458284493062591
0.0461169874466252
0.0556464604642508
0.0380370374161193
0.0489112676980774
0.0328255599510534
0.0488196981805829
0.01857354322346
0.0633690053562551
0.0360119382178231
0.057373915914798
0.0492516619255247
0.058738289079342
0.0431873184385616
0.0609894779292679
0.0276440816097377
0.0349936632694654
0.0588608748157428
0.0458121231016685
0.0661366597478901
0.0152496676197467
0.101413651011826
0.0283517972897692
0.0759346961008876
0.0391716489824146
0.0408857824144004
0.0389127305194129
0.0542081960690499
0.0408282495072998
0.0414430215841008
0.0336433032353495
0.0546762832905979
0.039521206333498
0.0459707065136088
0.0913691598242221
-0.00891721551253835
0.0701278871021399
0.0589107424389062
0.0529770196575203
0.0587200125426152
0.0741099365337019
0.0404393135207748
0.0550815302783897
0.0424461527721122
0.0279930893754677
0.0509099306306094
0.0681578290460149
0.0375198139577422
0.065437185731404
0.042696625932316
0.0341382841421876
0.0326361504701363
0.0347765339203859
0.0351218728231878
0.0857208450515576
0.0299659942521666
0.0521172227490963
0.0569528026776443
0.0329168142509397
0.0488181519790468
0.0636278836735174
0.0694451830987841
0.0138347797965572
0.0369772115225451
0.108288751702343
0.0457880168996875
0.0235331187496389
0.0113753511947603
0.0438750985509208
0.0114430414428336
0.0677402439085341
0.0116328628094211
0.047806658183294
0.0381564610889044
0.0162472780465538
-0.0045581728815737
0.0518795005995089
0.0301800131502403
0.0534322038473727
0.071907020714585
0.0329377514787773
0.0118610926234748
-0.00507233008848425
0.057011171269579
0.0304979082112981
0.0486483822125128
0.102572432356625
-0.0206660970716895
0.0411499619583152
0.0502761194305354
0.049188804522265
0.00714146069906041
0.00440535257813964
0.0361391818772895
0.0280850161658904
0.0263838446411822
0.0272021274860065
0.178493711883418
0.044324076237856
0.0794972644767522
0.0455904049209027
0.0404812046391757
0.0343247553117103
0.0742660902234652
-0.0030018292890966
0.0612625890910631
0.0097756486112594
0.0697202239505665
0.0376804493967197
0.0655234969728763
-0.0263198312460209
0.100082248870326
-0.00219769713821612
0.0361551623451732
-0.0197541863520326
0.10150785366351
0.0238978198828009
0.0416950147666691
0.0926304607987927
-0.000982325345291284
0.0497070217400306
0.0224421026497161
0.0877763705988643
0.0815629502729577
0.0516933586123898
0.0557292668795027
0.00860364280150175
0.0326875690140571
0.0849747706718184
0.0491038749984387
-0.00789121347357466
0.0633201733713953
-0.0362911666802322
0.0222291265074438
0.0766424390085349
-0.00598535599679813
0.0344935275877129
0.0094757929348107
0.0317802193420018
-0.0104224624510243
0.0672582989779432
0.0415077095459713
-0.0788897420467334
-0.0705677009274905
-0.080550128691229
0.125306849607459
-0.0272312665680838
-0.0171736950920958
-0.0168017299888712
0.0737846385076593
0.0471042126598717
-0.0989339809330128
-0.0412682834615761
0.0247911770038316
0.0180404231741462
0.0456458096853512
-0.0136373309780862
-0.100783002962117
-0.0748082480325339
0.230309676463159
-0.0637570969937984
-0.0138605690226757
-0.152730695277474
0.53564616712535
-0.0502358314508851
0.0756886421689104
0.0563958352951006
0.0335451218862241
0.0644169855133487
0.0607966079519662
0.0105847761442279
0.084910449523256
0.126685357963852
0.0450225716564339
0.0291988745552946
-0.106941731454571
0.10117681414266
0.00122204340837472
0.0282974471629322
0.0630925615865646
-0.0147877093642497
-0.0745224600847323
0.120797075251773
0.0152206760150861
0.0436761123589545
-0.0275586818249384
0.131588733467875
0.0210521882495978
-0.118107027404619
-0.0108578010875847
0.165482230198631
-0.0286921434784779
-0.0451975365402536
-0.00734366118978431
-0.00937062714044984
-0.116469112099248
-0.00823853673572803
0.0606367226637677
0.0295323150781322
0.0586107507392804
-0.00736139252425403
-0.0621408733434922
0.01420831353679
0.0315418846986792
0.0284668843359756
-0.0264098893782524
-0.0202156947088466
0.0132956827922024
0.0272680289768781
-0.0296692524078223
0.0200809368813801
0.101881355387285
0.0340193905856467
0.0344027372137953
-0.0599668629591545
0.0135371621747934
0.0189717845067184
0.0240956613525042
0.0439397812368028
0.0899853649433257
0.00237367019530641
-0.0242577582520568
0.0621470341509377
0.0223538793940053
0.0853918009545425
0.0759076926479911
0.00468822632442445
-0.0846097560423847
0.0602574361079539
-0.00155808838986498
0.0956247655631608
0.0870685678285927
-0.00995049916256149
0.0429787187376036
-0.0587688455819367
-0.0137696657712051
0.0542822663610434
0.0643244034044284
0.0490487510995702
0.00415445709550562
-0.00934467729716289
0.0172102832579997
0.089424205014213
0.0205432536269668
-0.0311660528510159
0.0705846713332864
0.0423344655266698
0.0227211391102561
0.0586005231906746
-0.0458344076600771
0.0897607252138163
0.0218525533287794
0.0222561055766488
0.216050123096552
0.0171733826964752
0.0145405635637137
-0.0108953504475693
0.0153730776520968
0.0504173900034007
0.00972137592121642
0.114866996747951
0.0274725315153899
0.0250545788470388
0.0308759788532527
-0.0104588098376828
0.0323388183074653
0.0488556695300162
0.0600294632769455
0.0780406793112093
0.00368684524225855
0.0290695043318912
0.0187333704571639
0.04287579036537
0.109121881607979
-0.0113663180036246
0.0334582395771991
-0.00173332682051392
0.0285940225796477
-0.0641601642283482
0.0686153166472884
-0.0231611266053102
0.0500464088437802
0.0366176283267601
0.0229156774533662
0.0110380079651115
0.0893794702856646
0.056113220824312
0.0751787690486339
0.139101766080781
0.0102288907123406
0.0418113766128681
-0.200423824795676
-0.110377579707003
-0.120200180265282
0.169345003517884
-0.0283099552374623
0.00581152028967616
0.0563883624528914
0.0207718970429411
0.0230709173209077
0.10210953358436
-0.03500935463844
0.0578604795103805
0.0918937985123818
0.0246338802605548
-0.0457147684202363
0.0376153381486657
0.0807407343842962
-0.018218750236151
-0.00971743979183455
0.0604975284294111
-0.0102737909516181
0.0205606446077155
0.0904888258754844
-0.0142576850452295
-0.00513593104450794
0.00743972814507184
0.0187605104421209
-0.0241663414300298
-0.0737146299647469
0.0682684753733734
-0.0132322764851989
0.0368903936380892
0.155855063983877
0.0677403169157262
-0.000762982260264302
0.012302859549929
0.00216121946428378
0.0869101918638131
0.0172929513393365
0.0143002610818704
-0.00530604499495735
0.0322001776567791
0.0585248867455147
0.0191806570293124
-0.0687673047658744
0.0309757697579369
-0.0171276357855629
0.0079101807184032
-0.0641234498530108
0.109788698821321
0.0417885244743647
0.0139503256551753
0.0357234779645039
0.00421717830129948
0.0767451296724489
0.0796914979875795
0.0554518495253852
0.0123183619896146
0.043653302967893
-0.000890539377244641
0.0312444677552924
0.0186839418260726
0.0130332174940327
-0.0206920182992711
0.0138660274802085
0.0185341318850758
0.0955538762774184
0.0421650682246655
-0.0326282686667935
0.127978785516159
-0.0784198852838579
0.0482373882848682
0.133833336539353
0.0546797507210846
0.0545707334477345
0.0422732389765063
0.16897690360154
0.0508599310978664
-0.0242270529150833
0.0858433273640158
0.0280707837477383
0.00967077995853766
0.0272444187628571
0.0396796972880649
-0.0570519705281809
0.0516590065515619
0.0116420543388337
0.0346755727984081
-0.0742341995344499
0.128803270029449
-0.0395098483318953
0.0129126488533571
-0.0478117228102234
0.0158271970418521
0.11798686058406
0.048677460219698
0.0452378179165346
0.104106744398951
0.0741831848731826
0.063977356495078
-0.0174742455971704
0.133255818844337
0.011048938427886
0.0781109314038019
0.124778871845251
-0.078774085598765
-0.219189633717162
0.162704637103337
-0.0711398951176147
-0.126317787177404
-0.000812232606339461
-0.04089703732201
0.05288517292343
0.0695762321361219
-0.139209837564579
0.00860262085338144
0.0623223285861641
0.0426237077006756
0.179458020018118
0.0131117284316999
0.00296903412295979
-0.190144138463504
0.0133036151212328
0.106958726042073
-0.122543489222631
0.0317620960338008
0.126052952466626
-0.0516215200188144
0.0850099444720061
-0.0695453527609784
-0.0106694864413393
0.0525001185489108
-0.0414525883744898
-0.038267765976428
-0.00288439568485984
-0.0171536069676181
-0.0723426565231148
-0.105251401506404
0.0570155559478146
-0.0497515185486398
0.0456760082122075
0.0100969994289399
0.0546023743199888
0.0500051336256626
-0.0900904782582892
-0.0293232009963058
0.0416270312953359
0.0158186495687172
-0.0144089283141494
0.105034245455628
0.0237605747883516
0.0119075169283459
0.0476933456586205
0.0632684499398995
0.00472438178047125
-0.0360110777641307
0.117160583741943
0.0964469503291446
0.0390955547546591
-0.124774568306962
0.040572193029711
-0.140435691491539
-0.0159077118346384
-0.103849585148214
0.0327241062042155
0.0348857636723156
0.0549157073388077
0.0065051725481639
-0.038605001849426
-0.11277484161982
0.0749800760750171
-0.00205977823271487
0.0501005770497918
-0.0660029620661066
-0.0709870849765231
-0.0295333996923744
0.0617586541324857
0.0545338099556451
0.0544511478397096
0.0242121569018116
0.0145959215234438
-0.000123181969544027
0.111663597479307
-0.0871184448393249
-0.0949954930458949
0.0193267826710147
-0.00157824914185781
-0.0510967362191393
-0.0298469717226228
-0.0099264953155666
0.0233783204109679
-0.00149750608404809
0.0378346336087793
-0.000846224729653407
-0.0209342554093483
0.0358340525014923
0.0286949673500722
0.0173376515835111
0.0111789693602345
0.0148225821872378
0.00234877739369551
0.0487872026009116
-0.00479793851878801
-0.0386163960583264
-0.0215868522883476
0.0467622511686073
0.0688634950199392
0.0205141183124256
0.0370386392975834
0.0546481079617558
0.0989448225739725
-0.0741801662135611
-0.0501562780101362
0.0347726682966367
0.0361570657374338
-0.00642436218364916
0.12057914108536
0.0580692674285849
-0.0513999976234208
-0.0776282331401278
0.0926924681084957
-0.0259820523578016
0.0172647648542296
0.12215429186914
-0.0244059106643565
0.114967410450426
0.013289579401545
0.00921160425403499
-0.0604691059570774
0.156500236144935
-0.0299955057741424
0.0313399398797833
0.0504526938218404
0.00284993608336427
-0.024393830380763
0.077586244375621
0.0392441162907412
0.0774352826602279
0.00714990609049792
0.0722912753125853
0.0601240168425119
0.00152369587260978
0.0474625160700624
0.00990176205631139
-0.0423126851395426
-0.054436528004276
0.0282589850978165
-0.0329352846072252
0.0358604785877479
0.0351291303738333
-0.101452334922685
-0.0241770894053793
-0.0457778755701578
-0.00118460539232937
-0.0238371617524427
-0.0338992802059951
0.0249138930525769
0.0607506993094089
-0.00479291683108401
0.0234856369320595
-0.00165599297706889
0.0331042102176897
0.0314381564282604
0.0370455764920601
0.0997365055478251
0.0536462507515361
-0.024090283625456
0.0143298948433924
0.0160001025430811
-0.00938052480258645
-0.0567820817819235
0.087092303659477
8.9182992693209e-05
0.0446445012664167
0.0791238191708917
-0.042877401379914
0.0316640099426874
0.0303970543045573
-0.00389428511172474
-0.0244891173075093
-0.0250247101290367
0.0883729370107948
-0.054572650363786
0.0792959297379245
-0.124673982376453
-0.0170914877776778
-0.0140817104742274
-0.0245420267472112
0.0129822165858319
-0.0291852032687058
-0.00617607446704883
0.0400805469966531
-0.0328939657672498
0.0497512412480195
0.0459977885422263
-0.0060465447544077
0.0331670487593224
0.0310054641007498
-0.00528474923461797
-0.0152136752017982
0.0565506178760656
-0.00829099619526804
0.00528299349366175
0.0392855044669504
0.0319228013619585
-0.0159264570377582
0.0564870670753782
0.0840093879105428
-0.0220246334533759
0.0914376264386954
0.0244833129666768
0.0567811030788704
-0.00675881426309392
0.0108562460816502
0.0116258634824336
0.0191012927715095
0.0726040026560461
0.0375016980010737
-0.0914524121511883
0.0267583148923797
-0.00945773999176453
-0.00685712600340277
-0.0963965538511875
0.010092133871458
0.0256244807187585
0.0136747433626731
0.078287693558721
-0.0491312378093609
0.0858611700003153
-0.150930727991296
-0.086329432397843
0.000615238336742274
0.01432209596521
0.0377921090231643
0.0381785318696492
0.00164242327330029
-0.0038642004760324
-0.0339413269151732
0.00798651896802588
0.053087925938386
0.013341822531859
-0.0287706967575009
0.0158858512650885
0.0116240125742429
0.0497838864568949
-0.017531439221385
0.00812076593846838
0.0110517741927126
-0.0390316065453145
0.0107369078954995
0.00486248574664561
0.0104817133963851
0.0114155142643896
0.0480424673154955
-0.0119033969107898
0.00899716994273058
-0.00107703864736954
0.101619119813666
0.0477116628922807
-0.0497354541566604
-0.0219382392539911
0.0463764485080233
0.0113857301438718
0.0150691347883141
0.0677953129267115
-0.00225933386829384
-0.0281423351768101
0.0389388723613166
-0.00986270102380454
0.0535826236887762
-0.0310885807007515
0.0432228404513028
0.0284725141243738
0.00271781613259913
-0.0772329913277872
0.0413000569770005
-0.00805344080464843
0.0530550710482316
0.0289524694696166
-0.00987965326832703
0.00253079899183158
-0.0239837020258635
0.0689419888896942
-0.00654783077261661
0.0245758877484847
0.0142510108432901
-8.81725441285418e-05
0.0121840062935443
0.00190052426610841
0.0322651736606062
-0.0302468143818374
0.0388684748612426
0.0128687324238074
0.04382565743429
0.00483338654438992
0.0881125107838607
-0.0169920278822512
-0.00990193716748814
-0.00694762924889356
0.112679803958057
0.0570396927551698
0.0573337239324552
0.0150822435844019
0.0241775204984444
-0.027648974105936
0.0240394562281968
0.00252451232826275
-0.000331811607952632
0.027062642572931
0.0186611799112344
0.0187984948450837
-0.00444200364551388
-0.000378548523183435
-0.0152336112791584
-0.0330419668638243
-0.0158967092704208
-0.0145221311282024
0.0243872849118947
-0.034826728792464
-0.00672678114842859
-0.00427735530397428
-0.0129698050767598
-0.0169125710174973
0.00626045003843072
0.00927727526097509
0.015874846810217
0.0124678194479567
0.036228560860565
0.0279651405195274
0.0703243290521454
0.0137185461893148
0.0480788050797856
0.0251609243854749
0.00526388322647619
0.0209046378140812
0.0521446199862478
0.0119707742059226
0.0311040009267617
0.034673033814275
-0.00271881781796323
0.101948473772808
-0.0353896689747086
-0.0284789508024271
0.0267667125847824
-0.0531647992584348
-0.0192324189646501
-0.00148307847894038
-0.0207232741693131
-0.00583137194349333
-0.0210079999381323
-0.0121977908090974
-0.0489289799093729
-0.0213650642311014
5.5612515794376e-05
0.00754162370023733
0.0837673948760421
-0.0133018096304125
0.00471019415660719
0.0245120603291115
0.0540442130840056
0.023355679986146
0.0279896550941598
0.0410310589973795
-0.00812422768220858
0.0808153017523362
-0.00853005825566731
-0.0129107547701472
0.0106060473805895
-0.036528287144921
0.0645990079714167
-0.00827078105143776
-0.0218607541894988
0.0283037820559738
0.0297636422051181
0.0571662262515077
-0.0127656503598562
0.000205978807165927
-0.0157069505599221
-0.0604688042310234
-0.0322529517687348
-0.0201261244668714
-0.0461814125757216
-0.0570515536438531
0.00362517332254612
0.0587953808379011
-0.00318219180514021
0.0587048093029053
-0.00699884781371152
-0.034906968836291
0.00723043101858294
-0.0246898483590892
-0.0316544542223
0.0282605369139425
-0.0124274169590919
-0.0564154345419742
0.0171289175841359
0.0474843047614622
0.00201477959972685
-0.0718390548627638
-0.0314275253233496
-0.00380523599169
-0.0422205452274546
-0.00810661474413204
0.0223361137428226
-0.0147789007660303
0.0346544492376799
-0.00460850750093631
0.0199552504038145
0.0220726527245544
-0.0251030134882411
0.0378379294684796
0.00291329185493895
0.0474590264199245
0.0144721972449256
0.0413156125347574
-0.00655910290393098
-0.0497636917969774
0.0794072791728933
-0.0250249939746149
-0.0454684332284392
0.0100571851004961
0.00292571006728874
-0.0124466654410498
-0.0354073438137704
-0.00496532605179507
-0.100922017275865
0.0203499836939363
0.00710799190641462
0.00570322775162706
-0.00742959308564718
-0.0250980081155845
0.0322467610883728
0.0359750203494075
0.0102059285576089
-0.0273307003409787
-0.00384128120365019
-0.018328391813052
0.0312310464301106
0.0152988499299073
-0.0356379093999019
-0.00212088457037332
0.00752171636171476
-0.0380983742767263
0.0221732123951646
0.00868316851327892
0.0267419110951868
0.0338879140059764
0.0625134273786357
0.0275538420871133
-0.0196129155970749
-0.00589244168876228
0.0598730468302771
0.0182455915696349
-0.0288550851777208
-0.0172777386177097
0.0325912727871341
-0.0303399542802242
-0.0106614441147506
0.0120434459342747
0.0164130439682832
0.0386498132848642
-0.0268359079623821
0.0285207952605105
-0.0351051655410454
0.012284028165899
-0.0214362520855976
-0.0262242140054218
-0.00387746193355684
0.00184271242413311
0.0354166078580612
0.0192887707239472
-0.0291663563057103
-0.0513970241951767
0.0332157266494064
0.010712093706457
-0.0174468505317912
0.0255792210747918
0.0134057248067936
0.0407581601750195
0.00620945717552859
0.0169345314640159
-0.0445348467975115
0.0277730485176575
0.00562772273275614
0.00921957174072383
0.0107706404078576
-0.0147341851821108
0.0184189080067331
0.00792085869849783
0.0495463272656115
0.0450833573152478
-0.0517406854412095
0.068698552438971
-0.0174292066089273
0.0774019219328222
-0.0370791138992077
-0.0315471164832764
-0.0182885548723086
0.0282085100843554
0.0431570979439464
0.000731137224029085
0.0153791389598167
-0.0191948658384189
-0.00985140737577559
0.00403065155907025
0.00201581285619039
-0.0200553835118549
0.00958576613800434
-0.0728439266506216
0.00913552289990466
-0.0022214445618437
