1.09682043961974
1.0827379658554
1.17238785876145
1.16712989812787
1.14652731959106
1.13104189231992
1.11301190312541
1.09340988392526
1.10213515972737
1.08232927605532
1.0629233502623
1.53049066098655
1.50641476219842
1.60089737256715
1.59818193189886
1.61955766679263
1.61475295348516
1.58490500289546
1.55689494307574
1.57086935136197
1.5575256433027
1.56343265658115
1.54434833458813
1.617952992576
1.62284693512435
1.5906203954411
1.56591391628401
1.53541485510355
1.5200823154306
1.55392553375784
1.52470953504608
1.49571417774675
1.48334631683067
1.59372813690921
1.63207928439599
1.61242541358944
1.6002379561994
1.56946661477088
1.54287509105405
1.52011271189347
1.50905192532451
1.48653951042109
1.46684908046704
1.44098079135789
1.42822062627953
1.41582160204414
1.39349880207233
1.37924886942215
1.41717940602141
1.39721688258353
1.37320341998049
1.34937717980932
1.37068342408592
1.37476031571894
1.36726603974867
1.40019296869411
1.40497628917953
1.39758580710796
1.37550723195608
1.35539743160998
1.34008516206273
1.31967136283372
1.31378320393021
1.31676754324317
1.33016206030004
1.31428097611664
1.29629081247871
1.2770267634917
1.25775947242551
1.42804355228927
1.42194324196638
1.39892082889466
1.37539211332448
1.35308912164665
1.35116584644477
1.33085579250383
1.31030722504903
1.30172180484689
1.32398669998595
1.30224884400543
1.30521145089665
1.28591909488951
1.26527076405282
1.24845767248495
1.22970679316866
1.22955298586739
1.21018565439463
1.19726704506243
1.1878783679433
1.18345441359705
1.16763295511322
1.16171281706634
1.14315322664292
1.13717894468466
1.12341921117656
1.12139152356908
1.10376058042171
1.089051930836
1.09780887218585
1.13743513480838
1.13314635182708
1.12478521078865
1.1515621336742
1.17890319965468
1.16152081030265
1.16693444242155
1.16171345278179
1.15494604759219
1.13607264139693
1.12850581456288
1.11159083428083
1.09774436553807
1.08039302367326
1.06316996242038
1.04777289138985
1.04272804501195
1.03305174489572
1.15003614142159
1.17117847893596
1.16368788792519
1.18802612071436
1.16806974623307
1.15061897769679
1.13468941783092
1.11571486483035
1.10654117531142
1.1328802839222
1.17506954845639
1.15477963544411
1.17064514155413
1.15081468126087
1.18447235548092
1.25374163569092
1.26038081551413
1.26492529576382
1.24290386724575
1.2687057845529
1.247384255895
1.22755017604892
1.22355418679668
1.20674287493498
1.19499610863617
1.18179192792017
1.1866724283825
1.16861834564719
1.14975215830679
1.13202033082486
1.12335495233981
1.11066497212441
1.14342262824259
1.15015151728429
1.13187634162369
1.11893720752081
1.10998642461348
1.14464306969997
1.16130756898364
1.1550266739895
1.14076161729011
1.23669280889727
1.22898613923472
1.20922233092116
1.24322736907601
1.22223969386834
1.20487462501246
1.1902440915704
1.31670607679746
1.29650157065261
1.27672643257804
1.25527994947245
1.25425283925808
1.25148017630893
1.23757312947251
1.24744039044501
1.26104545557352
1.25918622952374
1.23924952319646
1.22525595071664
1.21183922807279
1.23344059648468
1.26038664271676
1.25912513983739
1.24046670800978
1.22209009278893
1.20230804268955
1.18253495928893
1.16361534636334
1.1453049609497
1.13136524058977
1.11537275584416
1.10111047240655
1.08455959170034
1.10400760563015
1.08675476191636
1.06952506959658
1.09165229129505
1.07507141393066
1.06067404354149
1.06280767948867
1.08924250663887
1.07948172258911
1.10459969617221
1.09494113993886
1.08121748180244
1.06406176016632
1.05163532614521
1.04997800397643
1.08107009187383
1.06366618862297
1.04660570254497
1.20149375971653
1.22977177701686
1.2092848589744
1.1958307979065
1.17874603328189
1.17718410248564
1.16385612899163
1.14658464131447
1.12808082985894
1.14492916867126
1.12678534690714
1.13628209718615
1.11814261814971
1.10268293514343
1.09342864072318
1.10264211911188
1.14918183398678
1.16872897105651
1.15958539894423
1.19888600879562
1.19794926886666
1.23460889849249
2.15616329369318
2.11971771705492
2.07449928052433
2.02996800992086
2.02005239494572
2.00957642110168
1.97637291635263
1.93922273061041
1.90278294892687
1.88889057341726
1.85146733360865
1.82110180553565
1.80723117114754
1.78320101888649
1.82063902460832
1.78949426171131
1.75910441604421
1.73274227029528
1.72171954401365
1.69096697099245
1.66220884498894
1.6543218290124
1.65811034743599
1.63102355617064
1.61228996209596
1.61222855803626
1.58567979063606
1.5777033601456
1.55144342776167
1.5317414478646
1.54742057095018
1.52818700645233
1.50603146159918
1.48594344446226
1.46115535065527
1.43812866526118
1.41567410471605
1.39239684917528
1.38109325421807
1.35975325450269
1.34989511277306
1.36466958970489
1.35217814955507
1.35464871829133
1.33224102286164
1.31655306273194
1.32606650584232
1.31041891983377
1.29352396407492
1.27337124100501
1.28792646101257
1.26789615159056
1.25622431245186
1.23641545821178
1.21666027128095
1.19684639041209
1.17978803780809
1.17189673155101
1.17313360996182
1.17111963405323
1.18024866563206
1.16645776760035
1.17526519602454
1.16763138798892
1.14967694177407
1.13818519533159
1.12973953908109
1.14399628337798
1.12713183560191
1.11492332599487
1.0994339898769
1.09538743304671
1.08502255080782
1.0716897311237
1.05478133598454
1.0430320707933
1.02758170234991
1.01136286848655
0.995724674589041
0.98001164788472
0.96436466899547
0.95673597195537
0.944884985572946
0.934903319128402
0.959527067639607
0.946646884387375
0.936494374273114
0.932948641055608
0.946759134481492
0.934229546641685
0.93000668910025
0.916953191108739
0.913203920762133
1.09270351040747
1.0748797287735
1.05919699991271
1.05049257122921
1.0437343453492
1.02995868522545
1.01379696136239
1.00777887202523
0.993048294859044
0.982019215544922
0.973873029684597
0.96697174893253
0.973551197729925
0.958900770061225
0.974154671014042
0.969248557827944
0.953897704319774
0.945362792927093
0.982165628407158
0.966912797385787
0.96394944274557
0.980114184137582
0.967365127123605
0.96171824766586
0.946390235991152
0.931164315155151
0.923432568981567
0.913146351801382
0.89927670584083
0.897547658866375
0.883795208959297
0.929419073313155
0.938063385900573
0.931010101073798
0.924520962185055
0.910340915443195
0.910446118776985
0.895879107588813
0.902126892459942
0.911580916037199
0.907762820143018
0.905004745415444
0.890034229754864
0.915911243520149
0.991892745888533
1.15580112472231
1.15036296099621
1.17418067999016
1.15436095634518
1.13475284287254
1.11716084127688
1.10010731841459
1.08231602896977
1.06394198805776
1.05178133061029
1.03758448850146
1.02088681360932
1.0035913153407
1.08922682014711
1.17956693481931
1.17789859656651
1.16527696642758
1.14741780658206
1.13581311542265
1.15577808730231
1.13497900170295
1.12202357728083
1.10240305417368
1.08980527916007
1.07479741683692
1.08842956390029
1.06999575694163
1.07772878942683
1.05990057274187
1.04242352591672
1.02584273378436
1.00920502911667
0.992442540233992
1.07672723282637
1.05941859298447
1.05135315190864
1.04980971144737
1.0325538282708
1.0217304632392
1.03852512389908
1.07450401113155
1.07120589217629
1.05307717309521
1.25803020089758
1.24188255575906
1.22198093680231
1.22074203602639
1.20267255357916
1.20155742156784
1.22588015762623
1.22004076913066
1.20652882807201
1.18636523927447
1.17354204664083
1.20314411645113
1.19494160032502
1.17340989181251
1.17123348670094
1.22018906122337
1.19901342010037
1.18883807477162
1.21568455213621
1.21939701778555
1.19754939095551
1.19113101597612
1.38410921168769
1.42973290768891
1.40572001022464
1.39342304780511
1.38203840688742
1.36642566920286
1.35676856939414
1.33325347749089
1.30837918235349
1.2851049416964
1.26189653946155
1.94317931644922
1.91137348327924
1.9554191719485
1.924124764593
1.88840233619115
1.85064278589586
1.88918245648285
1.86920965968708
1.86785009223359
1.83337194039344
1.85365825993692
1.82190513934788
1.83806350359899
1.86653344307547
1.96695020540638
1.93823795064639
1.90031985599771
1.90409671163656
1.99326927815713
1.95052250524633
1.91715667339421
1.98842050992791
1.95636951284979
1.93074106510201
1.89033306218499
1.94289184335775
1.98292125947606
1.96215107632741
1.94818517847593
1.91289404777496
1.8750978864972
1.93419026046816
1.91418280586173
1.89336585356237
1.89602828355589
1.92763422578239
1.88761066872264
1.91266231773518
1.88744575267763
1.85130747683664
1.8161621877858
1.78121523796517
1.76764898125591
1.77345139149347
1.74693833908229
1.9056168031904
2.05844412077078
2.2706021892511
2.40072279863999
2.3866684363018
2.36499711551882
2.34289889984198
2.33353962215603
2.29213805610968
2.50166731974031
2.5291821043004
2.4704214433425
2.41459701691241
2.36876010918858
2.34263258114982
2.58904390415609
2.74174577265133
3.28833487808105
3.28993563449704
3.22630651727763
3.54641872444183
5.75833179510865
5.60635190669971
5.4571250370359
5.30527999896308
5.15839651975044
5.02327365231436
4.89231601902431
4.75484607742065
4.65230519014128
4.61567111100423
4.49306716526977
4.37004774086064
4.37228780929231
4.30184323581205
4.18691293268772
4.07541864951485
3.97863970245931
3.88181171704439
3.85423040205851
3.82550016574625
3.72084060823925
3.62361402171201
3.54420431227021
3.55124599947064
3.45454801654115
3.52957089877787
3.44462660267612
3.53293706524709
3.45333057562594
3.39898943924281
3.31407164924011
3.23030188255479
3.32358554499703
3.24239842038843
3.16733510834928
3.07886199621865
3.00775744242225
2.92996758959882
2.9109799926226
2.8188232070991
2.7381800560825
2.65636673679229
2.60517640344447
2.55166789771695
2.47555031404508
2.39959547792838
2.36516552388106
2.29220565211364
2.3262079097147
2.26132400239415
2.1937906025025
2.23024440052662
2.15680453175278
2.22865708824543
2.12975208418412
2.07877215311274
2.14105706320148
2.08759340032717
2.08797626736168
2.0678322109315
2.0169452991183
2.06202217431605
2.08662508768422
2.03781292206831
2.23180919550877
2.20528191664269
2.16063269609758
2.19539635657551
2.22444207948628
2.19000738282831
2.15194205644824
2.21955560950886
2.1938416655879
2.15901330555313
2.14327335615638
2.10585759046252
2.05893117626914
2.02940001511511
1.98072051197806
2.01477502843275
1.96544895689141
1.978416489571
1.97247881441174
1.93284743415751
1.88657936861689
1.86884282081261
1.91444827999079
1.94742190728465
1.90031490395595
1.85580271296761
2.41943042034462
2.36241486222934
2.307862456888
2.26908078097905
2.21804168285797
2.18495317547443
2.13779842959483
2.20620395810379
2.15852313514565
2.11164443011982
2.06649185464079
2.03613066653434
1.99333839769943
1.96213901510614
1.94599796942138
1.95938012986217
1.91886453910891
1.87859432070642
1.83730496038402
1.80686788835227
1.91604778367889
1.88603178009412
1.84899280932458
1.81500298717446
1.77761189949513
1.85663932099856
1.85518027273476
1.84082950898878
1.8166770743762
1.7843497372606
1.74653933914058
1.70966219918893
1.76477988911171
1.7585344291416
1.78775320279969
2.03334004007297
1.98892202599952
1.95860321628758
2.54349884073845
2.74484543562131
2.99098685048326
3.18432429083474
3.12783094653354
3.05041502817471
2.99075220303479
2.91714057041834
2.84591323057345
2.88202069911239
2.85243163084014
2.80347575404458
2.81645508353532
2.74981537710492
2.74610682480008
2.68528527727091
2.68108731371473
2.63659106881486
2.58718989997354
2.55330474492579
2.50518085322634
2.44645438480485
2.47580123598259
2.43347933928209
2.38617537067516
2.33218335605733
2.27696483528787
2.26062515404673
2.36966995570457
2.35065692558554
2.31287349735548
2.26277786599902
2.53146728622597
2.51911887724733
2.46546855552637
2.41029328540872
2.35798254690668
2.40473018083967
2.34810577772851
2.29295511300911
2.2496877176409
2.20215608786742
2.19348528182333
2.1426509862899
2.26983458374981
2.2196334243007
2.19552533212663
2.14654842145007
2.25402740719835
2.36427410069489
2.32302896378981
2.26851868929987
2.22240554118682
2.17417965301718
2.19840767047747
2.23919802560712
2.22405409672345
2.17329998603806
2.13899758031262
2.09671553014589
2.05165120237544
2.00310509657299
1.95610118062011
1.95073989863862
1.90536722390225
1.8598829701773
1.98699909077029
1.9592928428905
1.98032352316886
2.19232591468851
2.30087648759083
2.25889496494501
2.44290965697968
2.41511491815782
2.38469549725924
2.34091877733767
2.72030055246537
2.67903221151603
2.63600882296008
2.65506652320154
2.59370328557235
2.53013646301068
2.47191652917691
2.42581824564942
2.44693693473729
2.41266883724181
2.35423324666777
2.30700292457623
2.37617143499666
2.51613702190422
2.48805935548365
2.4273934407792
2.42071431724157
2.36209910068303
2.4687059146145
2.43147032865941
2.38987051937859
2.46344667307191
2.46822416968536
2.45468010686985
2.4068507442481
2.5751170819982
2.51184639542796
2.52685079932518
2.69152227888138
2.73398691133073
3.5571143429817
3.72735706266155
3.69941756814169
3.84188249465679
3.73714715021158
3.67192922259094
3.59124528652319
3.54193448139282
3.74291106100744
3.6417011317645
3.57695930843385
3.4914032624368
3.76380933463793
3.66064512599616
3.56224246809147
4.00789426023254
3.89599984173656
3.90054751095755
4.00797266280985
3.90001818414473
3.97152266452252
3.91133521152212
3.87035581415862
3.84807267859755
3.7517421044574
3.67129009343065
3.60863091526247
3.54598101023319
3.45347152848421
3.37154461962266
3.38297666513305
3.49699926972351
3.42569613932494
3.38578560520387
3.3069946940856
3.21675803114549
3.15665301484202
3.09300480059505
3.17048694191471
3.11531682401066
3.04462901430767
2.96063935067111
2.89048637039879
2.95164313958536
2.87400207912972
2.79306928479749
2.73720882100959
2.70757696188109
2.63411689565719
2.60862562980014
2.74916898122824
2.82651792769478
2.76810589409988
3.01396836626787
2.94409661670924
3.21430557541256
3.14131494294733
3.25653471969946
3.17229505047649
3.09341164317532
3.03780068698367
2.9566354652769
2.91943891482776
3.09204813259308
3.05569653382852
2.97659210209282
2.91470912687739
2.9264898766177
2.95886925692978
2.91070387772474
2.86448256181068
2.81353791979519
2.76427286253455
2.69069025121868
2.61860577502337
2.55024511828006
2.63756425881694
2.71078797640977
2.82430262905106
2.74804354133713
2.67744001261978
2.67224465640093
2.63720175795721
2.57831791921491
2.50868068803636
2.44634548619839
2.38689659169155
2.32666726009965
2.29231497589776
2.23444788097842
2.17696228847726
2.11456980883134
2.05444290025761
1.9951593155982
1.94300305487329
1.91607218852231
1.87456367908656
1.92181177088058
1.92197992081464
1.89016933645204
1.92116852475143
1.86764319244692
1.82714206321381
1.81853001886051
1.99371585317125
2.14998797059184
2.21404212607975
2.15963920293002
2.10976750986777
2.06605336287182
2.25546378959204
2.23924964773719
2.27569114294233
2.42098490428809
2.4662704566313
2.42996318009461
2.36250725865505
2.52358839919856
2.48337235294189
2.6051382486109
2.53107718843198
2.46064766243836
2.50928550561215
2.7830092696193
2.73083277152817
2.65656842144245
2.60349834660743
2.53226262718019
2.48726406043387
2.48592136976368
2.43105698993482
2.4396632887409
2.37261131781499
2.37220136229188
2.35281437838154
2.28961117675634
2.25191075484543
2.19081927594234
2.19343569547139
2.24406669539367
2.18921990292612
2.1785602331016
2.13011784666526
2.08554914512274
2.32360180361207
2.29849653908162
2.33697092921787
2.28257931442035
2.26344385285219
2.27471955039675
2.21471624294257
2.2163034826509
2.16825491119824
2.11165267652237
2.06391322684876
2.01728231865356
1.97070604549086
1.93297104820472
2.1291659615965
2.12941990534698
2.12031128196243
2.0635861391991
2.00846361938795
1.97660817644824
2.12009043150015
2.21642139683599
2.16283980523274
2.12658654776081
2.18447983211041
2.19646440298844
2.1441130911131
2.09494668058681
2.04615088903818
2.03048185613927
2.01897430922908
2.10520173471369
2.15098814756186
2.18343456120483
2.47937048938802
2.43248106867512
2.38130116264039
2.34827248253755
2.28433238298251
2.26050270675249
2.20907524036526
2.16320194314759
2.1504957091153
2.11827409425555
2.08565914820973
2.03835542967649
1.9928134452014
1.9483873398568
1.90570554599744
1.87753972415029
1.87484209539318
1.83677132074344
1.79084274780441
1.76169791310829
1.72614461071933
1.7039451441111
1.71100881661045
1.82008788637727
1.79950101226138
1.91776368875824
1.8744004264855
1.88073534511743
1.8383413105017
1.79222339569091
1.74598371265481
1.70247393444747
1.75873606618404
1.73563573549423
1.93804474491284
1.89171453894268
1.85226528293695
1.81279331464227
2.04709501530334
1.99384604850251
1.94800805208093
1.89845550622606
1.98898361420941
2.04193747423808
2.13208648065803
2.65954515421798
2.84514240365385
2.76218184872256
2.68125516269666
2.62030373007656
2.55915655892127
2.4861702653048
2.42043049851659
2.40186702742989
2.33484064330552
2.31261671485599
2.24902025683009
2.22784754901924
2.16764201163312
2.10905375956869
2.09208333541217
2.0550622243621
2.00021649505141
1.94659220434771
1.96109296412196
1.90884679842169
1.85867895456873
1.80898403206959
1.76036300956811
1.75721497386565
1.72399055079546
1.67770873295517
1.63728659946616
1.84593634260764
1.8414861771848
1.88299431916689
1.86382361123916
1.84540851577008
1.79695053891848
1.75052852560871
1.79756145335326
1.75434406169959
1.75367356995582
1.7293089925733
1.69757616824809
1.709204300146
1.71473385811017
1.69843285168259
1.66497327807466
1.62282631087311
1.81404588897501
1.79100120977191
1.75329037416276
1.75878992001255
1.72468335261826
1.69091282384758
1.64911762129269
1.64321716337371
1.69092878248952
1.65378705498228
1.61592385739897
1.57536836287351
1.53896787338786
1.50058296577874
1.46640285084253
1.44347114717022
1.46073456467892
1.44313804337442
1.41014325704844
1.4074569457055
1.37373973896803
1.49389833339323
1.47160810177673
1.44531721436693
1.41963969818609
1.61051398772087
1.62902355005648
1.64165888940036
1.60314424461888
1.57075271369008
1.56406488875544
1.53152462627411
1.49722016749584
1.46537374858007
1.44107048755836
1.4116923255169
1.38366958990022
1.35689917782039
1.32852859500243
1.31679536576463
1.34598410085361
1.33754166666799
1.32758690868717
1.30619054023385
1.34324704380673
1.32385614727636
1.30192632034796
1.2922341399948
1.29192989206291
1.26435050330943
1.23660851618923
1.21061670760713
1.18438614061069
1.18362059425992
1.17023420772391
1.29173809407213
1.26428576923989
1.29418861741425
1.27682314048574
1.24942172642667
1.22949493411333
1.28521337276566
1.25847546502293
1.25664690353694
1.26910219326719
1.24416916274211
1.55968106548115
1.56705603587864
1.56249608597851
1.53863808838573
1.58960845175988
1.56863481401311
1.53154332217384
1.51570677180218
1.48391946501533
1.47184467879446
1.44857087688644
1.51853015938402
1.51095657466746
1.47660786273545
1.44197912032051
1.6237440099334
1.59191875220372
1.55316033219633
1.53012584361674
1.57991081567905
1.55716575266461
1.54256703426125
1.55869402938962
1.52469718326018
1.68586685632689
1.64586889747819
1.61211950770763
1.57567451730708
1.57793612889227
1.64950462668502
1.61011956047245
1.58418300360264
1.5663972823585
1.55277658929727
1.59808523473768
1.56315168320844
1.52604748318868
1.49701832603768
1.56205158518657
1.55883063737403
1.53675240908726
1.57053330593001
1.63957903518488
1.59967728227256
1.64683894652061
1.6070775859416
1.65353547466186
1.61480622724233
1.61531590915548
1.57672292766952
1.56386144812495
1.56814773895447
1.54764609457934
1.51936354815307
1.60479867408206
1.56956360296325
1.5904077075767
1.55246533964735
1.69587424524169
1.70215666853874
1.66438570553694
1.70279233848405
1.67032602071941
1.63594424169068
1.61373669623043
1.59819540673402
1.56499154530719
1.53270613509511
1.50466176406025
1.50575873672449
1.50062514713706
1.46579745018044
1.48859745584502
1.45742309099184
1.46993949455511
1.43934890439189
1.50986952468329
1.62919545440441
1.61248160250253
1.64591226233571
1.60543474055907
1.56687406332275
1.53955693487195
1.56123080105411
1.52843356494894
1.8656935365889
1.82058622027507
1.77358591995926
1.72870534818996
1.69222959639864
1.6857955834766
1.66421173831713
1.65207420508544
1.61219746481642
1.61383417606658
1.58043200318477
1.56618203747834
1.54755550261881
1.51393217450588
1.5409594309873
1.50835141268144
1.4725598292859
1.52194026950589
1.49106760425796
1.45551051556015
1.43290314162056
1.42401258208872
1.51061563928567
1.49146324084196
1.48646479888841
1.46058893563408
1.52864734470728
1.49754047618549
1.5118233578897
1.50217918869751
1.48973145591674
1.50868651052956
1.48732561678534
1.45252977895476
1.42144469841282
1.42929373904853
1.44108522683286
1.42391895754645
1.4559513719784
1.4226012205896
1.4203596892186
1.42340015004779
1.39617090515874
1.36691183915918
1.36287214920614
1.3368043371847
1.36583552150944
1.49568494264474
1.47774771124697
1.44282424632113
1.44009083527997
1.41288769028348
1.38193774292808
1.38391709965795
1.35333031338012
1.32604155789672
1.39821316661304
1.37590627813224
1.34590751618548
1.31760236087043
1.28811139811393
1.28305048842538
1.25677701243733
1.23319139676698
1.252807171372
1.27956939028504
1.37066283352162
1.44269706331015
1.42644336746645
1.52637981402627
1.54644469155545
1.55994329711249
1.54544307425325
1.52233712439122
1.52735923550982
1.49344408830174
1.46142605976594
1.45029094909092
1.42854994517403
1.39817797423795
1.36931429045538
1.35804581500735
1.32832726275744
1.50951555971699
1.47560912227331
1.44818450872615
